0 0
0.001 0
0.002 0
0.0031 0
0.0042 0
0.0052 0
0.0062 0
0.0072 0
0.0082 0
0.0093 0
0.0104 0
0.0115 0
0.0126 0
0.0137 0
0.0148 0
0.0159 0
0.017 0
0.0181 0
0.0192 0
0.0203 0
0.0214 0
0.0225 0
0.0236 0
0.0247 0
0.0258 0
0.0269 0
0.028 0
0.0291 0
0.0302 0
0.0313 0
0.0323 0
0.0333 0
0.0343 0
0.0353 0
0.0363 0
0.0373 0
0.0383 0
0.0393 0
0.0403 0
0.0413 0
0.0423 0
0.0433 0
0.0443 0
0.0453 0
0.0463 0
0.0473 0
0.0483 0
0.0493 0
0.0503 0
0.0513 0
0.0523 0
0.0533 0
0.0543 0
0.0553 0
0.0563 0
0.0573 0
0.0583 0
0.0593 0
0.0603 0
0.0613 0
0.0623 0
0.0633 0
0.0643 0
0.0653 0
0.0663 0
0.0673 0
0.0683 0
0.0693 0
0.0703 0
0.0713 0
0.0723 0
0.0733 0
0.0743 0
0.0753 0
0.0763 0
0.0773 0
0.0783 0
0.0793 0
0.0803 0
0.0813 0
0.0823 0
0.0833 0
0.0843 0
0.0853 0
0.0863 0
0.0873 0
0.0883 0
0.0893 0
0.0903 0
0.0913 0
0.0923 0
0.0933 0
0.0943 0
0.0953 0
0.0963 0
0.0973 0
0.0983 0
0.0993 0
0.1003 0
0.1013 0
0.1023 0
0.1033 0
0.1043 0
0.1053 0
0.1063 0
0.1073 0
0.1083 0
0.1093 0
0.1103 0
0.1113 0
0.1123 0
0.1133 0
0.1143 0
0.1153 0
0.1163 0
0.1173 0
0.1183 0
0.1193 0
0.1203 0
0.1213 0
0.1223 0
0.1233 0
0.1243 0
0.1253 0
0.1264 0
0.1275 0
0.1286 0
0.1297 -8.00349e-10
0.1308 -1.39555e-07
0.1319 2.20128e-06
0.133 1.26204e-05
0.1341 -5.41957e-06
0.1352 -1.50961e-05
0.1363 -3.94579e-05
0.1374 -7.13667e-05
0.1385 -0.000134685
0.1396 -0.000207011
0.1407 -0.00024915
0.1418 -0.000234239
0.1429 -0.0001583
0.144 -0.000104768
0.1451 -0.000106277
0.1462 -0.000103525
0.1473 -5.98404e-05
0.1484 -5.50899e-05
0.1495 -8.94686e-05
0.1506 -5.43822e-05
0.1517 -1.14371e-05
0.1528 7.23968e-05
0.1539 0.000312829
0.155 0.000527806
0.1561 0.00066548
0.1572 0.000819095
0.1583 0.000950843
0.1594 0.00109575
0.1605 0.00132896
0.1616 0.00154609
0.1627 0.00172975
0.1638 0.00200023
0.1649 0.00235806
0.166 0.00284502
0.1671 0.00348994
0.1682 0.00411589
0.1693 0.00463926
0.1704 0.00517923
0.1715 0.00578185
0.1726 0.00640462
0.1737 0.00706277
0.1748 0.00776879
0.1759 0.0085175
0.177 0.00938701
0.1781 0.0102839
0.1792 0.0110596
0.1803 0.0117603
0.1814 0.0124527
0.1825 0.0131554
0.1836 0.0139014
0.1847 0.0146065
0.1858 0.0152583
0.1869 0.0158633
0.188 0.0165782
0.1891 0.0173372
0.1902 0.0180626
0.1913 0.0187923
0.1924 0.0195635
0.1935 0.0203365
0.1946 0.0211094
0.1957 0.0218556
0.1968 0.0225342
0.1979 0.0232028
0.199 0.0239302
0.2001 0.0247354
0.2012 0.0255403
0.2023 0.0262405
0.2034 0.0268725
0.2045 0.0274879
0.2056 0.0280938
0.2067 0.0287208
0.2078 0.029394
0.2089 0.0300296
0.21 0.0306064
0.2111 0.0311918
0.2122 0.0317896
0.2133 0.0323683
0.2144 0.0328907
0.2155 0.0333321
0.2166 0.0337226
0.2177 0.0341117
0.2188 0.0344817
0.2199 0.0348419
0.221 0.0351859
0.2221 0.0355089
0.2232 0.0358224
0.2243 0.0361124
0.2254 0.0363721
0.2265 0.0365939
0.2276 0.0366931
0.2287 0.0366991
0.2298 0.0367155
0.2309 0.0367744
0.232 0.0368978
0.2331 0.0370969
0.2342 0.0372242
0.2353 0.0372513
0.2364 0.0372686
0.2375 0.0372897
0.2386 0.0372901
0.2397 0.0372979
0.2408 0.037314
0.2419 0.0373553
0.243 0.0374676
0.2441 0.0376345
0.2452 0.037773
0.2463 0.0378608
0.2474 0.0379265
0.2485 0.0379455
0.2496 0.0379414
0.2507 0.0379562
0.2518 0.0379922
0.2529 0.0380221
0.254 0.0380686
0.2551 0.0381295
0.2562 0.0381726
0.2573 0.0381665
0.2584 0.0381171
0.2595 0.0380633
0.2606 0.0379523
0.2617 0.0376948
0.2628 0.0373581
0.2639 0.0370788
0.265 0.0368886
0.2661 0.0367683
0.2672 0.0367174
0.2683 0.0366469
0.2694 0.0365254
0.2705 0.0363852
0.2716 0.0362102
0.2727 0.0359829
0.2738 0.0357112
0.2749 0.0354619
0.276 0.0352512
0.2771 0.035054
0.2782 0.0348952
0.2793 0.0347699
0.2804 0.0346338
0.28145 0.0345067
0.2825 0.0343634
0.2836 0.0341711
0.2847 0.0339463
0.2858 0.0337152
0.2869 0.033502
0.288 0.0332928
0.2891 0.0330968
0.2902 0.0328883
0.2913 0.0326741
0.2924 0.032452
0.2935 0.0322001
0.2946 0.0318766
0.2957 0.0315024
0.2968 0.0311209
0.2979 0.0308259
0.299 0.0305267
0.3001 0.0302326
0.30115 0.0299561
0.3022 0.0297055
0.3033 0.0294673
0.3044 0.0292276
0.3055 0.0289537
0.3066 0.0286839
0.3077 0.028401
0.3088 0.0281219
0.3099 0.0278398
0.311 0.027561
0.3121 0.027305
0.3132 0.0270676
0.3143 0.026826
0.3154 0.0265802
0.3165 0.0263331
0.3176 0.0260901
0.3187 0.025839
0.3198 0.0255764
0.3209 0.0252956
0.322 0.0250015
0.3231 0.024741
0.3242 0.0245001
0.3253 0.0242513
0.3264 0.0239952
0.3275 0.0237334
0.3286 0.0234659
0.32965 0.0232023
0.3307 0.0229573
0.3318 0.0227185
0.3329 0.0225084
0.334 0.022304
0.3351 0.0220978
0.3362 0.0218633
0.3373 0.0216112
0.3384 0.0213749
0.3395 0.0211344
0.3406 0.0208962
0.3417 0.0206639
0.3428 0.0204046
0.3439 0.0200753
0.345 0.0197524
0.3461 0.0194868
0.3472 0.0192621
0.3483 0.0190655
0.3494 0.0189016
0.3505 0.0187607
0.3516 0.0186521
0.3527 0.0185578
0.3538 0.0184662
0.3549 0.0183638
0.356 0.01824
0.3571 0.0181071
0.3582 0.0179814
0.3593 0.0178717
0.3604 0.0178113
0.3615 0.017779
0.3626 0.0177377
0.3637 0.0176877
0.3648 0.0176419
0.3659 0.0175748
0.367 0.0174789
0.3681 0.0173494
0.3692 0.0171962
0.3703 0.0170513
0.3714 0.0169182
0.3725 0.0167719
0.3736 0.0166184
0.3747 0.0164753
0.3758 0.0163461
0.3769 0.0162158
0.378 0.0160462
0.3791 0.0158393
0.3802 0.015634
0.3813 0.0154586
0.3824 0.0153262
0.3835 0.0152068
0.3846 0.0151085
0.3857 0.0150387
0.3868 0.015005
0.3879 0.0149899
0.389 0.0149711
0.3901 0.0149129
0.3912 0.0148372
0.3923 0.0147776
0.3934 0.0147336
0.3945 0.0147024
0.3956 0.0147058
0.3967 0.0147308
0.3978 0.0147594
0.3989 0.0147789
0.4 0.0147737
0.4011 0.0147381
0.4022 0.014683
0.4033 0.0146198
0.40435 0.0145638
0.4054 0.0145196
0.4065 0.0144797
0.4076 0.0144344
0.4087 0.0143787
0.4098 0.0143144
0.4109 0.0142428
0.412 0.0141499
0.4131 0.0140286
0.4142 0.0138991
0.4153 0.0137807
0.4164 0.01369
0.4175 0.0136264
0.4186 0.0135854
0.4197 0.013562
0.4208 0.0135511
0.4219 0.0135487
0.423 0.0135465
0.4241 0.0135271
0.4252 0.0134953
0.4263 0.0134708
0.427325 0.0134726
0.4284 0.013498
0.4295 0.0135431
0.4306 0.0136112
0.4317 0.0136878
0.4328 0.0137538
0.4339 0.0138181
0.435 0.0138718
0.4361 0.0138949
0.4372 0.0139038
0.4383 0.0139082
0.4394 0.0139004
0.4405 0.0139076
0.4416 0.0139304
0.4427 0.0139551
0.4438 0.0139704
0.4449 0.0139396
0.446 0.0138441
0.4471 0.0137194
0.4482 0.0135951
0.4493 0.0134772
0.4504 0.0133785
0.4515 0.0132949
0.4526 0.0132367
0.4537 0.0132061
0.4548 0.0131924
0.4559 0.0131809
0.457 0.0131517
0.4581 0.0131093
0.4592 0.0130669
0.4603 0.013037
0.4614 0.0130341
0.4625 0.0130591
0.4636 0.0131099
0.4647 0.0131924
0.4658 0.0133013
0.4669 0.0134165
0.468 0.0135175
0.4691 0.0135901
0.4702 0.0136352
0.4713 0.0136626
0.4724 0.0136881
0.4735 0.0137175
0.4746 0.0137331
0.4757 0.0137457
0.4768 0.0137645
0.4779 0.0137748
0.479 0.0137663
0.4801 0.0137399
0.4812 0.013662
0.4823 0.0135348
0.4834 0.0134035
0.4845 0.0132854
0.4856 0.0131709
0.4867 0.0130483
0.4878 0.0129322
0.4889 0.0128397
0.49 0.0127812
0.4911 0.012737
0.4922 0.012671
0.4933 0.0125655
0.4944 0.0124512
0.4955 0.0123656
0.4966 0.0123167
0.4977 0.0123027
0.4988 0.0123179
0.4999 0.012366
0.501 0.0124527
0.5021 0.0125747
0.5032 0.0127084
0.5043 0.0128195
0.5054 0.012896
0.5065 0.0129534
0.5076 0.0130141
0.5087 0.0130807
0.5098 0.0131385
0.5109 0.0131849
0.512 0.013224
0.5131 0.0132636
0.5142 0.013312
0.5153 0.0133366
0.5164 0.0133164
0.5175 0.0132503
0.5186 0.0131528
0.5197 0.0130438
0.5208 0.0129368
0.5219 0.0128295
0.523 0.0127233
0.5241 0.0126294
0.5252 0.0125556
0.5263 0.0124882
0.5274 0.0124114
0.5285 0.0123182
0.5296 0.0122147
0.5307 0.0121175
0.5318 0.0120434
0.5329 0.0120024
0.534 0.0119853
0.5351 0.0119932
0.5362 0.0120539
0.5373 0.0121435
0.5384 0.0122527
0.5395 0.0123571
0.5406 0.0124486
0.5417 0.012534
0.5428 0.0126288
0.5439 0.0127206
0.545 0.0128067
0.5461 0.0129009
0.5472 0.0129932
0.5483 0.0130799
0.5494 0.0131579
0.5505 0.0132041
0.5516 0.0132213
0.5527 0.0132097
0.5538 0.0131882
0.5549 0.0131644
0.556 0.0131113
0.5571 0.0130351
0.5582 0.0129749
0.5593 0.0129181
0.5604 0.0128603
0.5615 0.0128134
0.5626 0.0127716
0.5637 0.0127356
0.5648 0.0127006
0.5659 0.0126507
0.567 0.0125987
0.5681 0.0125612
0.5692 0.0125445
0.5703 0.0125492
0.5714 0.0125799
0.5725 0.0126475
0.5736 0.0127416
0.5747 0.0128601
0.5758 0.0129888
0.5769 0.0131144
0.578 0.0132391
0.5791 0.0133558
0.5802 0.0134599
0.5813 0.0135722
0.5824 0.0136814
0.5835 0.0137815
0.5846 0.0138823
0.5857 0.0139901
0.5868 0.0140813
0.5879 0.0141376
0.589 0.0141544
0.5901 0.0141316
0.5912 0.0141044
0.5923 0.0140638
0.5934 0.0140102
0.5945 0.0139376
0.5956 0.0138674
0.5967 0.0138117
0.5978 0.0137579
0.5989 0.0137006
0.6 0.0136358
0.6011 0.0135603
0.6022 0.0134792
0.6033 0.0133992
0.6044 0.0133568
0.6055 0.0133389
0.6066 0.0132712
0.6077 0.0132445
0.6088 0.0132815
0.6099 0.0133985
0.611 0.0135447
0.6121 0.0136899
0.6132 0.013815
0.6143 0.0139243
0.6154 0.0140203
0.6165 0.0140901
0.6176 0.0141313
0.6187 0.0141638
0.6198 0.0142007
0.6209 0.0142012
0.622 0.0141626
0.6231 0.0140957
0.6242 0.0139954
0.6253 0.0138743
0.6264 0.0137433
0.6275 0.0135746
0.6286 0.0133834
0.6297 0.0131852
0.6308 0.0129888
0.6319 0.0127729
0.633 0.0125355
0.6341 0.0122987
0.6352 0.0120493
0.6363 0.0117996
0.6374 0.0115733
0.6385 0.0113955
0.6396 0.0112567
0.6407 0.011135
0.6418 0.0110197
0.6429 0.0109201
0.644 0.0108282
0.6451 0.0107464
0.6462 0.0106751
0.6473 0.0106295
0.6484 0.0105713
0.6495 0.0105045
0.6506 0.0104407
0.6517 0.0103707
0.6528 0.0102915
0.6539 0.0101898
0.655 0.0100465
0.6561 0.00987798
0.6572 0.00969117
0.6583 0.0094851
0.6594 0.00925975
0.6605 0.00901191
0.6616 0.00873573
0.6627 0.00843737
0.6638 0.00813023
0.6649 0.00782023
0.666 0.00750384
0.6671 0.00718235
0.6682 0.00687107
0.6693 0.00657445
0.6704 0.00628907
0.6715 0.00601432
0.6726 0.00574749
0.6737 0.00549819
0.6748 0.00527863
0.6759 0.00508738
0.677 0.00491341
0.6781 0.00474762
0.6792 0.00459123
0.6803 0.00444897
0.6814 0.00431936
0.6825 0.00418643
0.6836 0.00405533
0.6847 0.00392498
0.6858 0.00379871
0.6869 0.00367025
0.688 0.0035326
0.6891 0.00337867
0.6902 0.00320897
0.6913 0.00302815
0.6924 0.00283872
0.6935 0.00263376
0.6946 0.00241325
0.6957 0.00218207
0.6968 0.00194861
0.6979 0.0017164
0.699 0.00149223
0.7001 0.00127624
0.7012 0.00106549
0.7023 0.000854243
0.7034 0.000643699
0.7045 0.000442706
0.7056 0.000261955
0.7067 9.88905e-05
0.7078 -5.6113e-05
0.7089 -0.000198051
0.71 -0.000326965
0.7111 -0.000450232
0.7122 -0.000566867
0.7133 -0.000676929
0.7144 -0.000782924
0.7155 -0.000877997
0.7166 -0.000955611
0.7177 -0.00101837
0.7188 -0.00106392
0.7199 -0.00110195
0.721 -0.0011432
0.7221 -0.001185
0.7232 -0.00123055
0.7243 -0.00127692
0.7254 -0.00131993
0.7265 -0.00135913
0.7276 -0.00139643
0.7287 -0.00142887
0.7298 -0.00145445
0.7309 -0.00147941
0.732 -0.00150756
0.7331 -0.00154358
0.7342 -0.00158421
0.7353 -0.00162487
0.7364 -0.00165757
0.7375 -0.00167982
0.7386 -0.00168932
0.7397 -0.00168467
0.7408 -0.00166997
0.7419 -0.00165196
0.743 -0.00162618
0.7441 -0.00158873
0.7452 -0.00153769
0.7463 -0.00146705
0.7474 -0.00138038
0.7485 -0.00128058
0.7496 -0.00116239
0.7507 -0.00103763
0.7518 -0.000906842
0.7529 -0.000770904
0.754 -0.00063341
0.75505 -0.000503874
0.7561 -0.000376118
0.7572 -0.000239031
0.7583 -0.000105098
0.7594 3.09651e-05
0.760412 0.000166947
0.7615 0.000316041
0.7626 0.00046876
0.7637 0.00061908
0.7648 0.000761195
0.7659 0.000907616
0.766912 0.00104191
0.768 0.00117421
0.7691 0.00130617
0.77015 0.00142828
0.7712 0.00155884
0.7723 0.00169805
0.7734 0.00184211
0.7745 0.00199276
0.7756 0.00215453
0.7767 0.00231825
0.7778 0.0024738
0.7789 0.00263163
0.78 0.00278385
0.7811 0.00293862
0.7822 0.00310511
0.7833 0.00327853
0.7844 0.003448
0.7855 0.00361384
0.7866 0.00377917
0.7877 0.00393858
0.7888 0.00408975
0.7899 0.0042285
0.791 0.00435597
0.79205 0.00446648
0.7931 0.00456586
0.7942 0.00466762
0.7953 0.00477049
0.7964 0.00486395
0.7975 0.00494451
0.7986 0.00501408
0.7997 0.005069
0.8008 0.00510683
0.8019 0.00513553
0.803 0.00515873
0.8041 0.00518874
0.8052 0.00522824
0.8063 0.00526072
0.8074 0.00528542
0.8085 0.00530862
0.8096 0.00532802
0.8107 0.00534199
0.8118 0.00534923
0.8129 0.00534601
0.814 0.00533573
0.8151 0.00532975
0.8162 0.00532525
0.8173 0.00530219
0.8184 0.00525785
0.8195 0.00520095
0.8206 0.00513961
0.8217 0.00507484
0.8228 0.00500026
0.8239 0.00491333
0.825 0.0048209
0.8261 0.00473288
0.8272 0.00465215
0.8283 0.00457218
0.8294 0.00448741
0.8305 0.00439738
0.8316 0.00430803
0.8327 0.00422001
0.8338 0.00412276
0.8349 0.00400833
0.836 0.00388511
0.8371 0.00376267
0.8382 0.00364186
0.8393 0.00351622
0.8404 0.0033806
0.8415 0.00323814
0.8426 0.00309039
0.8437 0.00293681
0.8448 0.00277347
0.8459 0.00259872
0.847 0.00241641
0.8481 0.00223449
0.8492 0.00205527
0.8503 0.00187344
0.8514 0.00168645
0.8525 0.00149526
0.8536 0.00130294
0.8547 0.00111071
0.8558 0.000917978
0.8569 0.000725863
0.858 0.000533712
0.8591 0.000345245
0.8602 0.000166193
0.8613 -3.50561e-06
0.8624 -0.000170927
0.8635 -0.000332826
0.8646 -0.00049059
0.8657 -0.000647515
0.8668 -0.000808607
0.8679 -0.000977883
0.869 -0.00115107
0.8701 -0.00132338
0.8712 -0.00149482
0.8723 -0.00166311
0.8734 -0.00182675
0.8745 -0.00198539
0.8756 -0.00214605
0.8767 -0.00231289
0.8778 -0.00248456
0.8789 -0.00265736
0.88 -0.00282452
0.8811 -0.00298579
0.88215 -0.0031225
0.8832 -0.00323944
0.8843 -0.00335027
0.8854 -0.00344795
0.8865 -0.00354017
0.8876 -0.00363065
0.8887 -0.00371769
0.8898 -0.00379408
0.8909 -0.00385831
0.892 -0.00390541
0.8931 -0.00393486
0.8942 -0.003952
0.8953 -0.00395956
0.8964 -0.0039588
0.8975 -0.00395082
0.8986 -0.00393761
0.8997 -0.00393097
0.9008 -0.00393428
0.9019 -0.00393115
0.903 -0.00391177
0.9041 -0.00387771
0.9052 -0.00384375
0.9063 -0.00380827
0.9074 -0.00376337
0.9085 -0.00370485
0.90955 -0.00363991
0.9106 -0.00357188
0.9117 -0.00350095
0.9128 -0.00342426
0.9139 -0.0033414
0.915 -0.00325024
0.9161 -0.0031499
0.9172 -0.00304059
0.9183 -0.002921
0.9194 -0.00279065
0.9205 -0.00264872
0.9216 -0.00250094
0.9227 -0.00235027
0.9238 -0.00219519
0.9249 -0.00203025
0.926 -0.00185956
0.9271 -0.0016897
0.9282 -0.00152052
0.9293 -0.00134728
0.9304 -0.00116843
0.9315 -0.000984965
0.9326 -0.000802234
0.9337 -0.000624703
0.9348 -0.00045364
0.9359 -0.000288272
0.937 -0.000123365
0.9381 4.70868e-05
0.9392 0.000218786
0.9403 0.0003937
0.9414 0.00057365
0.9425 0.000757433
0.9436 0.000945404
0.9447 0.00113662
0.9458 0.00132407
0.9469 0.00150553
0.948 0.00168481
0.9491 0.00186284
0.9502 0.0020408
0.9513 0.0022225
0.9524 0.00240798
0.9535 0.00259318
0.9546 0.0027756
0.9557 0.00295532
0.9568 0.00313109
0.9579 0.00330208
0.959 0.00346761
0.9601 0.00362837
0.9612 0.00378462
0.9623 0.00393465
0.9634 0.0040782
0.9645 0.00421515
0.9656 0.00434314
0.9667 0.00446071
0.9678 0.00456886
0.9689 0.00466763
0.97 0.00475989
0.9711 0.00484724
0.9722 0.00493003
0.9733 0.00500649
0.9744 0.00507504
0.9755 0.00513332
0.9766 0.00518265
0.9777 0.00522457
0.9788 0.00526113
0.9799 0.00529344
0.981 0.00532183
0.9821 0.00534597
0.9832 0.00536242
0.9843 0.00537207
0.9854 0.00537234
0.9865 0.00535911
0.9876 0.0053399
0.9887 0.00531434
0.9898 0.00527794
0.9909 0.00523612
0.992 0.00518882
0.9931 0.0051344
0.9942 0.005073
0.9953 0.00499721
0.9964 0.00491063
0.9975 0.0048176
0.9986 0.00471631
0.9997 0.00460692
