0 0 0
0.001 0 0
0.002 0 0
0.0031 0 0
0.0042 0 0
0.0052 0 0
0.0062 0 0
0.0072 0 0
0.0082 0 0
0.0093 0 0
0.0104 0 0
0.0115 0 0
0.0126 0 0
0.0137 0 0
0.0148 0 0
0.0159 0 0
0.017 0 0
0.0181 0 0
0.0192 0 0
0.0203 0 0
0.0214 0 0
0.0225 0 0
0.0236 0 0
0.0247 0 0
0.0258 0 0
0.0269 0 0
0.028 0 0
0.0291 0 0
0.0302 0 0
0.0313 0 0
0.0323 0 0
0.0333 0 0
0.0343 0 0
0.0353 0 0
0.0363 0 0
0.0373 0 0
0.0383 0 0
0.0393 0 0
0.0403 0 0
0.0413 0 0
0.0423 0 0
0.0433 0 0
0.0443 0 0
0.0453 0 0
0.0463 0 0
0.0473 0 0
0.0483 0 0
0.0493 0 0
0.0503 0 0
0.0513 0 0
0.0523 0 0
0.0533 0 0
0.0543 0 0
0.0553 0 0
0.0563 0 0
0.0573 0 0
0.0583 0 0
0.0593 0 0
0.0603 0 0
0.0613 0 0
0.0623 0 0
0.0633 0 0
0.0643 0 0
0.0653 0 0
0.0663 0 0
0.0673 0 0
0.0683 0 0
0.0693 0 0
0.0703 0 0
0.0713 0 0
0.0723 0 0
0.0733 0 0
0.0743 0 0
0.0753 0 0
0.0763 0 0
0.0773 0 0
0.0783 0 0
0.0793 0 0
0.0803 0 0
0.0813 0 0
0.0823 0 0
0.0833 0 0
0.0843 0 0
0.0853 0 0
0.0863 0 0
0.0873 0 0
0.0883 0 0
0.0893 0 0
0.0903 0 0
0.0913 0 0
0.0923 0 0
0.0933 0 0
0.0943 0 0
0.0953 0 0
0.0963 0 0
0.0973 0 0
0.0983 0 0
0.0993 0 0
0.1003 0 0
0.1013 0 0
0.1023 0 0
0.1033 0 0
0.1043 0 0
0.1053 0 0
0.1063 0 0
0.1073 0 0
0.1083 0 0
0.1093 0 0
0.1103 0 0
0.1113 0 0
0.1123 0 0
0.1133 0 0
0.1143 0 0
0.1153 0 0
0.1163 0 0
0.1173 0 0
0.1183 0 0
0.1193 0 0
0.1203 0 0
0.1213 0 0
0.1223 0 0
0.1233 0 0
0.1243 0 0
0.1253 0 0
0.1264 0 0
0.1275 0 0
0.1286 0 0
0.1297 3.79794e-05 -1.10334e-08
0.1308 0.012495 -0.000583045
0.1319 -0.0370323 -0.026081
0.133 0.0433032 0.0279731
0.1341 -0.0260004 0.00240039
0.1352 0.0281063 -0.00497699
0.1363 -0.000386652 -0.00194493
0.1374 0.02835 0.00871407
0.1385 0.00823451 -0.0018175
0.1396 -0.0205083 0.0174596
0.1407 -0.0559854 -0.00512771
0.1418 -0.0616342 -0.0228296
0.1429 0.0234293 -0.00668581
0.144 0.0677441 0.0189688
0.1451 0.00113174 0.0012902
0.1462 -0.0584699 -0.0146472
0.1473 0.0370851 -0.00494236
0.1484 0.0451524 0.0109041
0.1495 -0.070189 -0.00423499
0.1506 0.00445107 0.0134034
0.1517 -0.00330015 0.0113356
0.1528 -0.174287 -0.0394057
0.1539 0.018805 -0.00146117
0.155 0.0808911 0.040693
0.1561 -0.052543 -0.0113116
0.1572 0.0505746 -0.00862833
0.1583 -0.00545286 -0.0022016
0.1594 -0.12141 -0.0261222
0.1605 -0.00899791 0.0114768
0.1616 0.0573944 0.0253104
0.1627 -0.0957402 0.00957669
0.1638 -0.0706665 -0.036136
0.1649 -0.0816204 -0.0238061
0.166 -0.165303 -0.0867553
0.1671 0.0257546 -0.0281654
0.1682 0.113756 -0.0376957
0.1693 -0.0175519 0.0065621
0.1704 -0.0743775 -0.0261382
0.1715 -0.0178499 -0.00921218
0.1726 -0.00615415 0.0106414
0.1737 -0.0388036 0.0544808
0.1748 -0.0223437 0.00745054
0.1759 -0.156302 -0.0500906
0.177 -0.100033 0.039394
0.1781 0.0931151 0.0449332
0.1792 0.103373 -0.0116587
0.1803 -0.00428339 -0.0103219
0.1814 -0.00561434 0.000783505
0.1825 -0.080872 0.00715295
0.1836 0.0647381 -0.0433025
0.1847 0.0310983 0.0929515
0.1858 0.0788403 -0.0182163
0.1869 -0.109353 0.0454122
0.188 -0.046144 -0.0321906
0.1891 0.0155987 -0.0298246
0.1902 -0.0172851 0.00664638
0.1913 -0.0524076 -0.000910946
0.1924 0.0174057 -0.0183801
0.1935 -0.00761698 -0.0207348
0.1946 0.00178965 -0.029053
0.1957 0.0645998 -0.00535895
0.1968 0.0295218 0.0257125
0.1979 -0.0878982 0.0105672
0.199 -0.116015 -0.000424317
0.2001 -0.021217 -0.0319274
0.2012 0.0751642 -0.0928176
0.2023 0.0852855 -0.0223648
0.2034 -0.00308054 0.0160021
0.2045 0.0127199 -0.00232078
0.2056 -0.00421054 0.0122434
0.2067 -0.051708 0.0418854
0.2078 0.0312265 0.0179896
0.2089 0.0746586 -0.00728431
0.21 0.00324648 0.0359648
0.2111 -0.0141911 0.0124629
0.2122 -0.00646513 -0.0153958
0.2133 0.0273379 -0.0295902
0.2144 0.0699928 -0.0495635
0.2155 0.044492 -0.0314797
0.2166 -0.0267076 0.0235221
0.2177 0.0219434 -0.0306887
0.2188 0.0258944 0.00689496
0.2199 0.00178756 -0.00837028
0.221 0.0230878 0.0245039
0.2221 0.015343 0.0107754
0.2232 0.0153633 -0.00514794
0.2243 0.0674435 -0.0176096
0.2254 -0.00892857 -0.041695
0.2265 0.130011 -0.136158
0.2276 0.121873 -0.0668929
0.2287 -0.00767287 0.0381396
0.2298 -0.0339143 0.034569
0.2309 -0.0367756 0.0830886
0.232 -0.102804 0.0479354
0.2331 0.101721 -0.0743679
0.2342 0.124468 -0.0372182
0.2353 0.0161394 -0.0158816
0.2364 -0.0161923 -0.0676412
0.2375 0.0454559 -0.0737854
0.2386 0.0316709 0.103667
0.2397 0.0664295 -0.002669
0.2408 -0.0227227 0.0530062
0.2419 -0.065372 0.0627777
0.243 -0.0625287 0.0313681
0.2441 0.024252 0.00634109
0.2452 0.060979 0.00221848
0.2463 0.0136963 0.00723761
0.2474 0.0746914 -0.0558096
0.2485 0.0367073 -0.0578766
0.2496 0.0140974 -0.00576604
0.2507 -0.0221004 0.0236059
0.2518 0.0279855 0.0142606
0.2529 -0.0223849 0.0205887
0.254 -0.0217188 0.0281138
0.2551 -0.00252463 0.00079792
0.2562 0.0377884 -0.00948546
0.2573 0.05623 -0.0256958
0.2584 0.0252122 0.0496059
0.2595 0.0288805 -0.0588086
0.2606 0.161364 -0.176916
0.2617 0.113325 0.00723765
0.2628 -0.0187739 0.106655
0.2639 -0.0304738 0.07784
0.265 -0.0173746 0.135118
0.2661 -0.0498394 0.063876
0.2672 0.0151827 -0.0169208
0.2683 0.0459775 7.80578e-05
0.2694 0.0178807 -0.00984652
0.2705 0.0356644 -0.0649389
0.2716 0.0751011 -0.0628531
0.2727 0.0732338 -0.0214736
0.2738 -0.00572039 0.0357004
0.2749 -0.0329824 0.0327392
0.276 0.0030078 0.0238865
0.2771 -0.0357879 0.0342729
0.2782 -0.0434776 0.0621768
0.2793 0.0136722 0.022078
0.2804 0.00549195 0.0105344
0.28145 0.0106993 -0.036602
0.2825 0.0665682 -0.0451324
0.2836 0.0490673 -0.0132195
0.2847 0.0148679 0.0101825
0.2858 -0.0280052 0.0173376
0.2869 -0.00278827 0.0146619
0.288 -0.0455736 0.0189163
0.2891 0.00599369 0.0289158
0.2902 -0.00780879 -0.000943777
0.2913 -0.0221253 0.00311399
0.2924 0.0264836 -0.0131615
0.2935 0.073086 -0.0244005
0.2946 0.0457897 -0.0143026
0.2957 0.0146336 0.00107949
0.2968 0.0126683 0.0715169
0.2979 -0.0103795 0.00333517
0.299 0.0234127 0.0115791
0.3001 0.0221345 0.0198113
0.30115 -0.0190028 0.0189194
0.3022 0.0152653 0.00615401
0.3033 0.0945667 0.0703187
0.3044 0.0598888 -0.0119496
0.3055 -0.00198888 0.0106532
0.3066 0.0203252 -0.00450926
0.3077 -0.00096068 0.0035879
0.3088 0.00920092 0.000965207
0.3099 -0.0012306 0.0103035
0.311 -0.034084 0.0251816
0.3121 -0.0252447 0.00169956
0.3132 0.00701452 -0.0154019
0.3143 -0.0131587 0.0215992
0.3154 -0.00123073 8.06007e-05
0.3165 0.00740861 -0.00455409
0.3176 0.00855865 0.0281943
0.3187 0.00781128 -0.0210397
0.3198 0.0192235 0.0117052
0.3209 0.0383723 0.00843138
0.322 -0.012501 0.0424426
0.3231 -0.0165988 0.0113989
0.3242 0.0130789 0.0138537
0.3253 0.0224486 0.015107
0.3264 0.0127518 0.00163818
0.3275 0.0156282 0.0192794
0.3286 0.0425673 0.00486918
0.32965 0.00701102 0.0359957
0.3307 0.0175684 0.012946
0.3318 -0.0154208 0.0132251
0.3329 -0.024348 -0.00796193
0.334 0.00209519 -0.0110443
0.3351 0.0287651 -0.0118145
0.3362 0.0178573 0.018373
0.3373 -0.0204955 0.0351909
0.3384 0.000237749 0.0181467
0.3395 0.0098814 0.0107504
0.3406 -0.00160718 -0.00715477
0.3417 0.025526 -0.0036081
0.3428 0.0858242 -0.0246062
0.3439 -0.00276058 0.0233862
0.345 -0.0112336 0.0236909
0.3461 -0.0508341 -0.0134174
0.3472 -0.0324252 0.0086312
0.3483 -0.0233192 0.0400297
0.3494 -0.0214454 0.00667968
0.3505 -0.0354005 0.00996367
0.3516 -0.0156765 -0.00389948
0.3527 -0.00766334 0.00394661
0.3538 0.00689887 0.00126771
0.3549 0.0419572 -0.00637284
0.356 0.00811255 0.0168085
0.3571 0.00851403 0.0178742
0.3582 0.0105724 0.0180043
0.3593 -0.0153598 0.0288109
0.3604 0.0111626 0.0789193
0.3615 0.00749634 -0.0287647
0.3626 0.00860313 -0.00571653
0.3637 0.0265746 0.0031893
0.3648 0.023255 -0.0105707
0.3659 0.02649 -0.0212689
0.367 0.0369718 -0.00502699
0.3681 0.0374974 0.000891301
0.3692 0.00727725 0.01063
0.3703 -0.0150508 0.0141059
0.3714 0.0190714 0.005704
0.3725 0.0187275 -0.00225973
0.3736 -0.00533146 0.000697623
0.3747 -0.0176446 0.0069094
0.3758 0.0023974 0.00152674
0.3769 0.0403594 -0.013734
0.378 0.0481416 -0.011049
0.3791 0.00948061 0.00307087
0.3802 -0.0266542 0.0129297
0.3813 -0.0215368 0.0197489
0.3824 0.000399468 -0.000786931
0.3835 -0.012573 0.0174962
0.3846 -0.0279341 0.015965
0.3857 -0.0393905 0.0147277
0.3868 -0.0201574 -0.000260059
0.3879 -0.00110407 0.0104047
0.389 0.0486577 -0.000499201
0.3901 0.0251579 -0.00124879
0.3912 -0.0209944 0.0118903
0.3923 0.0028819 -0.000882709
0.3934 -0.0129525 0.017479
0.3945 0.0142132 0.0781745
0.3956 -0.00850936 0.0145432
0.3967 0.00645708 0.00503626
0.3978 0.0115757 -0.000218816
0.3989 0.0281395 0.00464395
0.4 0.0361666 0.00353077
0.4011 0.0240043 0.00494931
0.4022 0.0204749 0.00356505
0.4033 0.00863913 0.00514015
0.40435 -0.00766117 0.00289819
0.4054 -0.0076806 0.00153346
0.4065 0.0108009 0.00422541
0.4076 0.011479 -0.000491896
0.4087 0.0159251 -0.00517696
0.4098 0.0140069 -0.00101886
0.4109 0.0280237 -0.00723939
0.412 0.0296583 -0.0026876
0.4131 0.00880391 0.0159435
0.4142 -0.00737291 0.0141294
0.4153 -0.0171236 0.0110042
0.4164 -0.0318388 0.0106141
0.4175 -0.0310334 0.0114275
0.4186 -0.0138151 0.00619915
0.4197 -0.00844343 0.00482798
0.4208 -0.00547519 0.00395375
0.4219 -0.00666502 -0.000365257
0.423 0.022078 0.00154061
0.4241 0.0215416 0.00786912
0.4252 0.00169155 0.00759181
0.4263 -0.0247657 0.00626995
0.427325 -0.0255832 0.00608801
0.4284 -0.0210213 0.00109348
0.4295 -0.0233307 0.00932038
0.4306 -0.011981 0.00940586
0.4317 0.0123978 0.0035152
0.4328 0.0025345 0.00158953
0.4339 0.0355913 0.0144528
0.435 0.0549202 -0.00234444
0.4361 0.0318815 0.00175367
0.4372 0.0122124 0.00734028
0.4383 0.0208687 -0.00606737
0.4394 -0.00990687 0.00662252
0.4405 -0.011092 0.00742496
0.4416 0.00278686 0.0050618
0.4427 0.0134262 -0.00283923
0.4438 0.0377984 -0.0136516
0.4449 0.0727444 -0.0186947
0.446 0.0367154 -0.00128066
0.4471 0.00744739 0.00928009
0.4482 -0.00490504 0.00169102
0.4493 -0.019938 0.0059015
0.4504 -0.00919874 0.0131722
0.4515 -0.0240095 0.010987
0.4526 -0.0308686 0.0132627
0.4537 -0.0163727 0.00450209
0.4548 -0.00444735 0.00410974
0.4559 0.0184488 -0.00715106
0.457 0.0166243 -0.00385451
0.4581 0.0045442 0.00319785
0.4592 -0.0147411 0.000422891
0.4603 -0.0282598 0.00499582
0.4614 -0.0185493 -0.00162319
0.4625 -0.0323719 0.00988582
0.4636 -0.0334089 0.0075595
0.4647 -0.0333383 0.0109653
0.4658 -0.00874303 -0.00378627
0.4669 0.0124811 -0.00563225
0.468 0.0297752 -0.00609202
0.4691 0.0298382 -0.00627226
0.4702 0.0250378 -0.00108679
0.4713 0.00153392 0.0121147
0.4724 -0.00326039 0.0225669
0.4735 0.016127 0.0057425
0.4746 0.01328 0.013096
0.4757 -0.00833303 0.0149897
0.4768 0.0105513 0.0017988
0.4779 0.0274396 -0.00294973
0.479 0.0299453 -0.00383796
0.4801 0.0632573 -0.0101274
0.4812 0.0702539 -0.0114653
0.4823 0.031423 0.00731904
0.4834 -0.00301754 0.0129531
0.4845 0.0159357 0.0117294
0.4856 0.018014 0.0156463
0.4867 0.000118061 0.0399299
0.4878 -0.0229825 0.0385099
0.4889 -0.0318247 0.0228623
0.49 -0.0163974 0.000427642
0.4911 0.0245093 0.0108988
0.4922 0.0560255 0.00299498
0.4933 0.0272531 0.00292226
0.4944 -0.0319348 0.0226222
0.4955 -0.0410544 0.00875453
0.4966 -0.0326142 0.01258
0.4977 -0.0315419 0.0134084
0.4988 -0.0253834 0.00329524
0.4999 -0.0385429 0.0111564
0.501 -0.0366616 0.00530403
0.5021 -0.0195299 -0.00593458
0.5032 0.0226943 -0.00816457
0.5043 0.0585508 -0.00847918
0.5054 0.0309705 0.000535884
0.5065 -0.00161082 0.00325229
0.5076 -0.00906834 -0.000421785
0.5087 0.00542057 0.00760644
0.5098 0.0118835 0.00613701
0.5109 0.00914526 0.00646649
0.512 0.00621672 -0.000609981
0.5131 0.00586212 -0.000519018
0.5142 0.0255475 -0.0111947
0.5153 0.039658 -0.00953718
0.5164 0.0486351 -0.00724792
0.5175 0.0331529 -0.00383082
0.5186 0.0166972 0.00193403
0.5197 0.00355916 0.00821
0.5208 0.00608996 0.00319367
0.5219 -0.000171026 0.0100714
0.523 -0.0120822 0.008301
0.5241 -0.0180254 0.0145457
0.5252 -0.00282491 0.0089374
0.5263 0.00984265 -0.000513737
0.5274 0.0157847 0.0048105
0.5285 0.0125588 0.00933309
0.5296 -0.00180173 0.00634934
0.5307 -0.0233158 0.0143368
0.5318 -0.0330526 0.0120272
0.5329 -0.0203333 0.01114
0.534 -0.0108617 0.00467989
0.5351 -0.00940698 0.0232856
0.5362 -0.0092692 0.00139661
0.5373 0.0160616 0.00309965
0.5384 0.0155015 -0.00514472
0.5395 0.0287326 -0.0035569
0.5406 0.0164018 0.00995419
0.5417 -0.00702038 0.0109315
0.5428 0.000570967 0.0103129
0.5439 0.0120922 0.00559525
0.545 0.00371115 0.00335724
0.5461 0.00769222 0.00676826
0.5472 0.0143082 0.00511541
0.5483 0.00834562 0.000680047
0.5494 0.0414601 -0.00936671
0.5505 0.0429419 -0.0109993
0.5516 0.0368536 -0.0226004
0.5527 0.0251597 -0.00459029
0.5538 0.0218805 0.02097
0.5549 0.0407723 -0.00927931
0.556 0.0439179 0.00331259
0.5571 0.00464292 0.00615843
0.5582 0.00569178 -0.0028162
0.5593 0.0113469 0.000643519
0.5604 0.000245033 0.00438296
0.5615 -0.00616876 0.00926898
0.5626 0.00409683 0.00107014
0.5637 -0.0013288 -0.00359318
0.5648 0.0354386 0.0148727
0.5659 0.0260104 0.00918892
0.567 -0.0106007 0.00599373
0.5681 -0.016092 0.0133727
0.5692 -0.0166868 0.00265302
0.5703 -0.0214404 0.00254651
0.5714 -0.0319173 0.0110097
0.5725 -0.0179998 0.00994251
0.5736 -0.0208344 -0.00263053
0.5747 -0.012868 -0.00636794
0.5758 0.0232848 -0.00482381
0.5769 0.0146817 0.0175397
0.578 0.00743902 0.00202641
0.5791 0.0198209 -0.00309064
0.5802 0.00940233 0.0101381
0.5813 0.0146881 0.00230964
0.5824 0.0121912 0.00183926
0.5835 0.0143922 0.00494136
0.5846 0.00585654 0.0062591
0.5857 0.0301874 -0.00728186
0.5868 0.0412778 -0.015168
0.5879 0.0439926 -0.0138212
0.589 0.0586016 -0.0204574
0.5901 0.045359 -0.000489774
0.5912 0.0443238 -0.0148126
0.5923 0.0285784 -0.0131965
0.5934 0.0232412 -0.00410806
0.5945 0.021463 0.00327856
0.5956 -0.000100905 0.0255114
0.5967 0.00397163 0.00371864
0.5978 0.0118019 0.000654096
0.5989 0.0140436 0.0090467
0.6 0.0207776 0.0011992
0.6011 0.0133274 0.0069459
0.6022 0.00712282 0.00752312
0.6033 0.0153961 0.00057695
0.6044 -0.0348707 -0.0306634
0.6055 0.0844117 0.0257843
0.6066 -0.0420532 0.0568599
0.6077 -0.0558962 -0.0301959
0.6088 -0.085655 0.0152453
0.6099 -0.0259097 -0.0051882
0.611 0.00029499 -0.0189167
0.6121 0.0290591 0.0399672
0.6132 0.0173775 0.000727927
0.6143 0.0213083 -0.0341424
0.6154 0.0282381 -0.020515
0.6165 0.0353573 0.00281909
0.6176 0.0178891 0.0171994
0.6187 -0.0136133 0.00238939
0.6198 0.0437458 -0.0111386
0.6209 0.0464165 -0.0158666
0.622 0.0339013 -0.00924748
0.6231 0.0374101 0.000483185
0.6242 0.0435897 -0.0357755
0.6253 0.0132016 -0.0302195
0.6264 0.0508888 -0.0446663
0.6275 0.0301365 -0.0473786
0.6286 0.0439835 -0.000809769
0.6297 0.027014 0.016992
0.6308 0.027357 -0.0151849
0.6319 0.0266303 -0.00487349
0.633 -0.00758788 -0.00811496
0.6341 -0.00275117 0.0160279
0.6352 -0.049855 0.0715791
0.6363 -0.0554477 -0.0263794
0.6374 -0.0581718 0.02217
0.6385 -0.0351364 0.0102708
0.6396 -0.0198845 0.0180594
0.6407 -0.00211866 -0.0154914
0.6418 -0.019125 -0.011287
0.6429 0.00104536 -0.0187432
0.644 -0.0116358 -0.00727113
0.6451 0.00280549 0.00212804
0.6462 -0.0368104 -0.00472035
0.6473 0.0177927 0.00114117
0.6484 0.0139961 -0.000735253
0.6495 -0.00392 0.00485587
0.6506 0.00552757 0.0103295
0.6517 0.0170539 0.00717445
0.6528 0.0299468 0.00990835
0.6539 0.0259631 -0.00184472
0.655 0.0361931 0.000864013
0.6561 0.0289812 -0.0112496
0.6572 0.0267824 0.00319625
0.6583 0.0327825 -0.00717769
0.6594 0.025407 -0.0163524
0.6605 0.0272182 -0.0102081
0.6616 0.0215883 -0.00311612
0.6627 0.00527789 -0.000836961
0.6638 0.00142369 0.000896721
0.6649 0.00502054 0.000240316
0.666 0.00517323 0.00613373
0.6671 -0.00918146 0.0130351
0.6682 -0.0145149 0.00858832
0.6693 -0.0110216 0.00656093
0.6704 -0.0130546 0.00651102
0.6715 -0.00398441 0.00730349
0.6726 -0.0147215 0.00186541
0.6737 -0.0265223 0.00286657
0.6748 -0.0278012 -0.00548976
0.6759 -0.0164289 -0.00598886
0.677 -0.0055421 -0.00608413
0.6781 -0.00948767 -0.00664597
0.6792 -0.0115558 -0.00549138
0.6803 -0.0167697 -0.00375526
0.6814 0.00612032 -0.00594514
0.6825 -0.0043476 0.00713171
0.6836 0.00238895 0.00323958
0.6847 -0.00588904 0.00631845
0.6858 0.00130347 0.00625154
0.6869 0.00473185 0.00398547
0.688 0.0151327 0.00414649
0.6891 0.0149843 0.00238776
0.6902 0.00873017 -0.00440803
0.6913 0.00299306 -0.0120336
0.6924 0.0149255 -0.00768254
0.6935 0.0147877 -0.00658363
0.6946 0.0105641 -0.00430211
0.6957 0.00277095 -0.00770008
0.6968 0.0158005 -0.0143383
0.6979 -0.000360722 -0.00253085
0.699 0.00417795 -0.00130332
0.7001 -0.00527056 0.00692033
0.7012 0.00248937 0.00656082
0.7023 0.00206523 -0.0070087
0.7034 -0.00800919 0.000373601
0.7045 -0.0228308 0.00277541
0.7056 -0.0230175 0.0095467
0.7067 -0.00922128 -0.0105891
0.7078 -0.0150293 -0.00612057
0.7089 -0.017565 0.00137407
0.71 -0.00955836 -0.0156633
0.7111 -0.00429607 -0.0126837
0.7122 -0.00704119 -0.00885044
0.7133 -0.00566873 -0.0106254
0.7144 -0.0102761 -0.00639802
0.7155 -0.0145957 -0.0100102
0.7166 -0.00309208 -0.00336048
0.7177 -0.0144201 0.00206882
0.7188 -0.00708452 0.00759906
0.7199 -0.00895234 0.00165201
0.721 -0.00082574 -2.05334e-05
0.7221 0.00599355 0.00803593
0.7232 0.00278812 0.00346606
0.7243 -0.00330902 -0.0021573
0.7254 -0.00489747 -0.00338391
0.7265 -0.00249164 -0.00376111
0.7276 -0.00382283 -0.00411576
0.7287 -0.00737617 -0.00460437
0.7298 -1.21636e-06 -0.00520679
0.7309 0.00164581 -0.00307517
0.732 0.0127318 -0.00732869
0.7331 0.00911749 0.00351824
0.7342 0.00215163 0.00280525
0.7353 -0.00514167 0.00431587
0.7364 -0.00972389 0.00160357
0.7375 -0.010372 0.0028901
0.7386 -0.0130468 0.00185353
0.7397 -0.0113954 0.00182028
0.7408 -0.00082873 -0.00306036
0.7419 -0.0070323 -0.00315261
0.743 -0.0105761 -0.00356707
0.7441 -0.0124727 -0.00782799
0.7452 -0.0180133 -0.00307643
0.7463 -0.0182521 -0.00822669
0.7474 -0.00815723 -0.00149922
0.7485 -0.0202126 -0.00279435
0.7496 -0.00568205 -0.000451987
0.7507 -0.00477842 0.00445077
0.7518 -0.00603852 0.00303516
0.7529 -0.00155108 0.00401968
0.754 0.00217023 0.00438109
0.75505 0.0035878 0.00361194
0.7561 -0.00552026 0.00113627
0.7572 0.00515871 0.00255279
0.7583 -4.59475e-05 -0.000514098
0.7594 -0.013224 -0.00509818
0.760412 -0.00226186 -0.00504087
0.7615 -0.00466513 -0.00534716
0.7626 0.00149811 -0.00171328
0.7637 0.00856304 -0.00161925
0.7648 -0.00284666 -0.00289199
0.7659 -0.000711769 -0.00076112
0.766912 0.0132782 -0.000502147
0.768 -0.00117791 0.00468592
0.7691 0.00903208 0.00518675
0.77015 -0.0127844 0.0021929
0.7712 0.00108922 0.000744298
0.7723 -0.00487332 0.00284444
0.7734 -0.00553612 0.000581971
0.7745 -0.0087456 0.00136146
0.7756 -0.00408127 -0.00291136
0.7767 0.0119999 -0.00386894
0.7778 -0.00654529 -0.00565263
0.7789 0.00746071 -0.00213413
0.78 -0.000293192 0.000216187
0.7811 -0.0110869 -0.00020827
0.7822 -0.00664253 -0.0018314
0.7833 0.00285204 -0.000784061
0.7844 0.00557601 0.00479767
0.7855 -0.000914236 0.00760616
0.7866 0.0095334 0.00264453
0.7877 0.0043735 0.00504162
0.7888 0.00787404 -0.00193737
0.7899 0.0110661 3.94523e-06
0.791 0.00762999 -0.000831349
0.79205 0.0124833 -0.000606589
0.7931 0.00221032 -0.00424077
0.7942 -0.00378836 -0.0029991
0.7953 0.00956853 -0.00744275
0.7964 0.0106219 -0.00331069
0.7975 0.00830793 -0.00295019
0.7986 0.0131428 -0.0016359
0.7997 0.0182227 -0.000444429
0.8008 0.00487989 0.00865553
0.8019 0.0076035 -0.00139894
0.803 -0.00517699 0.00633942
0.8041 -0.012014 0.00237581
0.8052 0.00865893 0.00149951
0.8063 0.00791951 0.00595571
0.8074 0.000846987 -0.004679
0.8085 0.00301457 -0.00434205
0.8096 0.00518578 -0.00175816
0.8107 0.00602429 -0.00486722
0.8118 0.00467921 -0.00273489
0.8129 0.00705342 0.00127166
0.814 -0.00370167 -0.00525465
0.8151 -0.00313553 -0.000376117
0.8162 0.0169314 0.00149463
0.8173 0.0188792 0.00270843
0.8184 0.0122074 0.000583421
0.8195 0.00430005 0.00450591
0.8206 0.00145139 0.00242483
0.8217 0.00897369 -0.000353278
0.8228 0.0110406 -0.000612545
0.8239 0.00599123 -0.00148231
0.825 -0.00319 -0.00158025
0.8261 -0.00784742 -0.00300526
0.8272 -0.000639275 -0.00424638
0.8283 0.00349059 -0.00208892
0.8294 0.00524863 0.000368525
0.8305 -0.00161932 0.000735166
0.8316 -0.00245554 0.000321885
0.8327 0.00679393 -0.000108412
0.8338 0.0163915 0.000898872
0.8349 0.0085447 0.00456944
0.836 -0.00092735 0.00408732
0.8371 -0.0026492 0.00155323
0.8382 0.00341177 -0.00102994
0.8393 0.00959215 -0.000592937
0.8404 0.00560457 -0.000171279
0.8415 0.00479621 -0.00174628
0.8426 0.0044676 -0.00339792
0.8437 0.00789576 -0.00409366
0.8448 0.0105348 -0.00282903
0.8459 0.00752178 -0.000167684
0.847 3.18365e-05 0.00315563
0.8481 -0.00317963 -0.000915492
0.8492 0.00244006 0.00193562
0.8503 0.00417452 0.00232027
0.8514 0.00406373 0.00306705
0.8525 0.000952962 0.00465461
0.8536 -0.000512113 0.00144316
0.8547 0.00107439 -0.000500929
0.8558 -0.000518478 -0.00167517
0.8569 0.000452048 0.000753989
0.858 -0.00462787 -0.00137514
0.8591 -0.00665077 -0.00396934
0.8602 -0.0105703 0.00552365
0.8613 -0.000127166 -0.00551477
0.8624 -0.00528692 -0.00100244
0.8635 -0.00377008 0.00275644
0.8646 -0.00120948 0.000244613
0.8657 0.00283494 0.00213825
0.8668 0.00766905 0.00117835
0.8679 0.00426351 0.00132404
0.869 -0.000874863 0.00105768
0.8701 -0.00038847 0.00191342
0.8712 -0.00309808 0.00156956
0.8723 -0.00313127 0.000655947
0.8734 -0.00640486 -0.00254215
0.8745 0.00119434 -0.00188564
0.8756 0.00565483 8.07435e-05
0.8767 0.00528305 0.000489692
0.8778 0.00132617 -0.00156151
0.8789 -0.00646631 -0.00104824
0.88 -0.00286149 0.00378815
0.8811 -0.014282 -0.00166422
0.88215 -0.0217445 -0.000526921
0.8832 -0.00686577 0.00303855
0.8843 -0.0152007 -0.000147991
0.8854 -0.00366112 0.000359493
0.8865 -0.00204183 0.00095788
0.8876 -0.000573868 0.000925753
0.8887 -0.00991643 -0.00202996
0.8898 -0.00979447 -0.00131959
0.8909 -0.0150179 -0.00224448
0.892 -0.0146422 -0.00288589
0.8931 -0.0107074 -0.00137078
0.8942 -0.00816116 -0.00103829
0.8953 -0.00764072 -0.000551447
0.8964 -0.00526509 -0.000724501
0.8975 -0.00618477 0.000973122
0.8986 0.0052439 -0.000123644
0.8997 0.0148183 0.000216953
0.9008 -0.00508935 0.00368344
0.9019 -0.0131202 -2.36053e-05
0.903 -0.0167279 -0.00374153
0.9041 0.00136943 0.00376491
0.9052 -0.00047573 0.00271593
0.9063 -0.00782215 -0.0017997
0.9074 -0.0121872 -0.00290076
0.9085 -0.00883661 -0.00303518
0.90955 -0.00402347 -0.00348441
0.9106 0.00234824 0.000269181
0.9117 -0.0060524 0.000237242
0.9128 -0.005009 -0.0011714
0.9139 -0.00760776 -0.000943857
0.915 -0.00729185 0.00109999
0.9161 -0.00794608 0.00111604
0.9172 -0.00911914 0.00161807
0.9183 -0.00824106 0.00328053
0.9194 -0.0102577 -0.000253259
0.9205 -0.00565119 0.000589002
0.9216 -0.00237632 0.000277524
0.9227 -0.00323454 -0.000262722
0.9238 -0.00859649 -0.00252572
0.9249 -0.00611995 -0.00217505
0.926 0.000728384 -0.00141921
0.9271 0.00194082 -0.000182583
0.9282 -0.00358673 -8.14591e-05
0.9293 -0.00492059 0.000295537
0.9304 -0.00386354 0.00106376
0.9315 -0.00029424 0.000751165
0.9326 0.00415638 0.00171728
0.9337 0.00585801 0.00430471
0.9348 0.00440571 0.00115218
0.9359 0.00231968 0.00208074
0.937 -0.00600118 -0.000432766
0.9381 -0.000631005 0.000213436
0.9392 -0.00247738 0.00113054
0.9403 -0.00446768 -0.00229961
0.9414 -0.00304311 -0.00241685
0.9425 -0.00338829 -0.00143327
0.9436 -0.00329788 -0.0013536
0.9447 0.00284807 0.000689348
0.9458 0.00609072 0.000282035
0.9469 0.00171637 0.000115161
0.948 0.00115369 0.00231224
0.9491 0.000519123 0.00229866
0.9502 -0.00358792 0.003389
0.9513 -0.00346542 0.0018416
0.9524 -3.40626e-05 0.00197281
0.9535 0.00230218 8.48974e-05
0.9546 0.00214993 7.72696e-05
0.9557 0.00362213 -0.00109644
0.9568 0.00367466 -0.00152124
0.9579 0.00509075 -0.00179544
0.959 0.00370949 -0.00197232
0.9601 0.00392421 -0.00146669
0.9612 0.00496517 0.000634402
0.9623 0.00625846 -0.000272232
0.9634 0.0053938 0.00030641
0.9645 0.00729008 0.00224837
0.9656 0.00909808 0.00164605
0.9667 0.00767452 0.00107769
0.9678 0.00854735 0.000215325
0.9689 0.00539573 0.00107353
0.97 0.0041579 -0.000647536
0.9711 0.00338425 -0.000704272
0.9722 0.00569571 -0.00164343
0.9733 0.0061645 -0.00240353
0.9744 0.00902862 -0.00272554
0.9755 0.00771192 -0.00173508
0.9766 0.00635905 -0.00151958
0.9777 0.00437552 -0.000527238
0.9788 0.00396257 0.000366878
0.9799 0.00266291 0.00108895
0.981 0.00372716 0.00251657
0.9821 0.006846 0.000485339
0.9832 0.00528089 0.000818294
0.9843 0.0074535 0.000361446
0.9854 0.0130868 -4.41815e-05
0.9865 0.0040519 0.000284515
0.9876 0.00406029 -0.00283974
0.9887 0.0109464 -0.00158635
0.9898 0.00459229 -0.00284559
0.9909 0.0042269 -0.00086206
0.992 0.00787316 -0.00185496
0.9931 0.00386205 -0.00260875
0.9942 0.0132561 -7.58392e-05
0.9953 0.00991544 0.00102971
0.9964 0.00453656 0.00060063
0.9975 0.00727193 0.0012118
0.9986 0.00687049 0.000941223
0.9997 0.00630718 0.00113207
