0 0
0.001 0
0.002 0
0.0031 0
0.0042 0
0.0052 0
0.0062 0
0.0072 0
0.0082 0
0.0093 0
0.0104 0
0.0115 0
0.0126 0
0.0137 0
0.0148 0
0.0159 0
0.017 0
0.0181 0
0.0192 0
0.0203 0
0.0214 0
0.0225 0
0.0236 0
0.0247 0
0.0258 0
0.0269 0
0.028 0
0.0291 0
0.0302 0
0.0313 0
0.0323 0
0.0333 0
0.0343 0
0.0353 0
0.0363 0
0.0373 0
0.0383 0
0.0393 0
0.0403 0
0.0413 0
0.0423 0
0.0433 0
0.0443 0
0.0453 0
0.0463 0
0.0473 0
0.0483 0
0.0493 0
0.0503 0
0.0513 0
0.0523 0
0.0533 0
0.0543 0
0.0553 0
0.0563 0
0.0573 0
0.0583 0
0.0593 0
0.0603 0
0.0613 0
0.0623 0
0.0633 0
0.0643 0
0.0653 0
0.0663 0
0.0673 0
0.0683 0
0.0693 0
0.0703 0
0.0713 0
0.0723 0
0.0733 0
0.0743 0
0.0753 0
0.0763 0
0.0773 0
0.0783 0
0.0793 0
0.0803 0
0.0813 0
0.0823 0
0.0833 0
0.0843 0
0.0853 0
0.0863 0
0.0873 0
0.0883 0
0.0893 0
0.0903 0
0.0913 0
0.0923 0
0.0933 0
0.0943 0
0.0953 0
0.0963 0
0.0973 0
0.0983 0
0.0993 0
0.1003 0
0.1013 0
0.1023 0
0.1033 0
0.1043 0
0.1053 0
0.1063 0
0.1073 0
0.1083 0
0.1093 0
0.1103 0
0.1113 0
0.1123 0
0.1133 0
0.1143 0
0.1153 0
0.1163 0
0.1173 0
0.1183 0
0.1193 0
0.1203 0
0.1213 0
0.1223 0
0.1233 0
0.1243 0
0.1253 0
0.1264 0
0.1275 9.41194e-09
0.1286 -1.59609e-06
0.1297 8.50815e-06
0.1308 2.21439e-06
0.1319 -4.82625e-06
0.133 -1.06375e-05
0.1341 -6.11917e-05
0.1352 -9.60864e-05
0.1363 -9.78051e-05
0.1374 -0.00010244
0.1385 -0.000103435
0.1396 -0.00010989
0.1407 -0.000105009
0.1418 -5.45389e-05
0.1429 -3.99376e-05
0.144 -4.09482e-05
0.1451 -7.35849e-05
0.1462 -0.000143935
0.1473 -0.00013215
0.1484 -3.30027e-05
0.1495 7.76817e-05
0.1506 6.74533e-05
0.1517 1.13724e-05
0.1528 7.82037e-05
0.1539 0.000205638
0.155 0.000368337
0.1561 0.000560377
0.1572 0.000670932
0.1583 0.000769787
0.1594 0.00100323
0.1605 0.00137593
0.1616 0.00172452
0.1627 0.00204334
0.1638 0.00231767
0.1649 0.00264996
0.166 0.00311245
0.1671 0.00361547
0.1682 0.00413955
0.1693 0.00472431
0.1704 0.00537567
0.1715 0.00609984
0.1726 0.00692858
0.1737 0.00778208
0.1748 0.00860841
0.1759 0.00941162
0.177 0.0102914
0.1781 0.0112946
0.1792 0.0123012
0.1803 0.0132308
0.1814 0.014175
0.1825 0.0151322
0.1836 0.0161184
0.1847 0.0171125
0.1858 0.0180585
0.1869 0.0189627
0.188 0.0198661
0.1891 0.0207763
0.1902 0.0215956
0.1913 0.022318
0.1924 0.0230221
0.1935 0.0237748
0.1946 0.024576
0.1957 0.0253208
0.1968 0.0259632
0.1979 0.0265322
0.199 0.0270749
0.2001 0.0276136
0.2012 0.0281764
0.2023 0.0287353
0.2034 0.0292286
0.2045 0.0297109
0.2056 0.0302658
0.2067 0.0308592
0.2078 0.0314411
0.2089 0.0319877
0.21 0.0325427
0.2111 0.0331425
0.2122 0.0337144
0.2133 0.0342294
0.2144 0.0347343
0.2155 0.0352094
0.2166 0.0356393
0.2177 0.0360982
0.2188 0.0365659
0.2199 0.0369773
0.221 0.0373194
0.2221 0.037649
0.2232 0.0379577
0.2243 0.0382106
0.2254 0.0384429
0.2265 0.0386097
0.2276 0.0388008
0.2287 0.0389946
0.2298 0.0391378
0.2309 0.0392386
0.232 0.0393163
0.2331 0.0393698
0.2342 0.0394228
0.2353 0.0394532
0.2364 0.0394677
0.2375 0.0394937
0.2386 0.0395432
0.2397 0.0395827
0.2408 0.0396716
0.2419 0.0397519
0.243 0.0398268
0.2441 0.0399418
0.2452 0.0400844
0.2463 0.040235
0.2474 0.0404015
0.2485 0.040553
0.2496 0.0406939
0.2507 0.040813
0.2518 0.040892
0.2529 0.0409151
0.254 0.0408961
0.2551 0.0408392
0.2562 0.0407929
0.2573 0.0407082
0.2584 0.0406172
0.2595 0.0404887
0.2606 0.0403239
0.2617 0.0401382
0.2628 0.0399454
0.2639 0.0397466
0.265 0.0395523
0.2661 0.0393389
0.2672 0.0390835
0.2683 0.0387919
0.2694 0.0384948
0.2705 0.0382094
0.2716 0.0379318
0.2727 0.0376431
0.2738 0.0373598
0.2749 0.0371086
0.276 0.0368982
0.2771 0.0367354
0.2782 0.0365639
0.2793 0.0363605
0.2804 0.0361585
0.2815 0.035989
0.2826 0.0358359
0.2837 0.0356637
0.2848 0.0354821
0.2859 0.0353035
0.287 0.0351538
0.2881 0.0350447
0.2892 0.0349066
0.2903 0.0347305
0.2914 0.0345845
0.2925 0.0344053
0.2936 0.0341598
0.2947 0.0338655
0.2958 0.0335392
0.2969 0.0332017
0.298 0.0328609
0.2991 0.032516
0.3002 0.032166
0.3013 0.0318223
0.3024 0.0315104
0.3035 0.0311768
0.3046 0.0308003
0.3057 0.0304332
0.3068 0.0300696
0.3079 0.0297207
0.309 0.029383
0.3101 0.0290682
0.3112 0.0287701
0.3123 0.0285044
0.3134 0.028265
0.3145 0.0280167
0.3156 0.0277567
0.3167 0.0275052
0.3178 0.0272664
0.3189 0.0270461
0.32 0.0268493
0.3211 0.0266589
0.3222 0.0264762
0.3233 0.0263277
0.3244 0.0262018
0.3255 0.0260756
0.3266 0.0259131
0.3277 0.0257244
0.3288 0.0255027
0.3299 0.0252766
0.331 0.0250618
0.3321 0.0248262
0.3332 0.0245701
0.3343 0.0242905
0.3354 0.0240289
0.3365 0.0238001
0.3376 0.0235809
0.3387 0.02334
0.3398 0.023079
0.3409 0.0228063
0.342 0.0225445
0.3431 0.0222926
0.3442 0.0220311
0.3453 0.0217497
0.3464 0.0214728
0.3475 0.0212277
0.3486 0.021017
0.3497 0.0208075
0.3508 0.0206009
0.3519 0.020408
0.353 0.0202367
0.3541 0.0200962
0.3552 0.0199683
0.3563 0.0198558
0.3574 0.019747
0.3585 0.019634
0.3596 0.0195328
0.3607 0.019436
0.3618 0.0193226
0.3629 0.0191982
0.364 0.0190765
0.3651 0.0189649
0.3662 0.0188426
0.3673 0.0186895
0.3684 0.0185197
0.3695 0.0183522
0.3706 0.0181829
0.3717 0.0180144
0.3728 0.0178417
0.3739 0.0176572
0.375 0.0174762
0.3761 0.0173047
0.3772 0.0171217
0.3783 0.0169202
0.3794 0.0166985
0.3805 0.0164585
0.3816 0.0162402
0.3827 0.0160362
0.3838 0.0158484
0.3849 0.0157047
0.386 0.0155582
0.3871 0.0154048
0.3882 0.0152673
0.3893 0.0151504
0.3904 0.0150566
0.3915 0.0149753
0.3926 0.0148931
0.3937 0.0148142
0.3948 0.0147377
0.3959 0.0146724
0.397 0.0146185
0.3981 0.0145546
0.3992 0.0144697
0.4003 0.0143766
0.4014 0.0143045
0.4025 0.0142611
0.4036 0.0142288
0.4047 0.0141814
0.4058 0.0141196
0.4069 0.0140447
0.408 0.0139642
0.4091 0.0138745
0.4102 0.0137668
0.4113 0.0136408
0.4124 0.0135038
0.4135 0.0133745
0.4146 0.0132307
0.4157 0.0130857
0.4168 0.012934
0.4179 0.0127757
0.419 0.0126416
0.4201 0.0125453
0.4212 0.0124595
0.4223 0.0123935
0.4234 0.0123238
0.4245 0.0122587
0.4256 0.0122064
0.4267 0.0121574
0.4278 0.0121132
0.4289 0.0120793
0.43 0.0120584
0.4311 0.0120604
0.4322 0.0120801
0.43325 0.0121098
0.4343 0.0121491
0.4354 0.0121958
0.4365 0.0122538
0.4376 0.0123056
0.4387 0.0123509
0.4398 0.0123882
0.4409 0.0124167
0.442 0.0124364
0.4431 0.0124506
0.4442 0.0124568
0.4453 0.0124635
0.4464 0.0124653
0.4475 0.0124738
0.4486 0.012459
0.4497 0.0124241
0.4508 0.0123773
0.4519 0.0123275
0.453 0.0122821
0.4541 0.0122366
0.4552 0.0121694
0.4563 0.0120887
0.4574 0.0120268
0.4585 0.0119971
0.4596 0.0119783
0.4607 0.0119419
0.4618 0.0118852
0.4629 0.011827
0.464 0.0117958
0.4651 0.0117963
0.4662 0.0118241
0.4673 0.01185
0.4684 0.011884
0.469412 0.0119412
0.4705 0.0120272
0.4716 0.0121309
0.4727 0.0122135
0.4738 0.0122728
0.4749 0.0123363
0.476 0.0124191
0.4771 0.0125109
0.4782 0.0126036
0.4793 0.0126811
0.4804 0.0127484
0.4815 0.0128112
0.4826 0.0128598
0.4837 0.0128842
0.4848 0.0128876
0.4859 0.0128667
0.48695 0.0128404
0.488 0.0128197
0.4891 0.0128114
0.49015 0.0127988
0.4912 0.0127782
0.4923 0.0127541
0.493325 0.0127262
0.4944 0.0126903
0.4955 0.0126466
0.4966 0.0126089
0.4977 0.0125841
0.4988 0.0125586
0.4999 0.0125526
0.501 0.012568
0.50205 0.0125971
0.5031 0.0126391
0.5042 0.0127011
0.5053 0.0127706
0.5064 0.0128491
0.5075 0.0129343
0.5086 0.0130176
0.5097 0.013096
0.5108 0.0131765
0.5119 0.0132611
0.51295 0.013346
0.514 0.013438
0.5151 0.0135286
0.5162 0.0136156
0.5173 0.0137039
0.5184 0.0137792
0.5195 0.0138268
0.5206 0.0138517
0.5217 0.0138572
0.5228 0.0138576
0.5239 0.0138374
0.525 0.0138328
0.5261 0.0138271
0.5272 0.0137923
0.5283 0.0137539
0.5294 0.0137097
0.5305 0.0136719
0.5316 0.0136319
0.5327 0.0135899
0.5338 0.013558
0.5349 0.0135611
0.536 0.0135826
0.5371 0.0136173
0.5382 0.0136707
0.5393 0.0137248
0.5404 0.013783
0.5415 0.013849
0.5426 0.0139171
0.5437 0.0139877
0.5448 0.0140708
0.5459 0.0141632
0.547 0.0142631
0.5481 0.0143783
0.5492 0.0145083
0.5503 0.0146323
0.5514 0.0147461
0.5525 0.0148449
0.5536 0.0149192
0.5547 0.0149728
0.5558 0.0150188
0.5569 0.0150523
0.558 0.0150719
0.5591 0.0150788
0.5602 0.0150685
0.5613 0.0150412
0.5624 0.0150015
0.5635 0.0149547
0.5646 0.0149382
0.5657 0.0149131
0.5668 0.0148807
0.5679 0.0148446
0.569 0.0148085
0.5701 0.014776
0.5712 0.0147471
0.5723 0.0147333
0.5734 0.0147423
0.5745 0.0147744
0.5756 0.0148099
0.5767 0.014856
0.5778 0.0148975
0.5789 0.0149322
0.58 0.0149712
0.5811 0.0150159
0.5822 0.0150744
0.5833 0.0151423
0.5844 0.0152197
0.5855 0.015302
0.5866 0.015387
0.5877 0.0154592
0.5888 0.0155167
0.5899 0.0155662
0.591 0.0155981
0.5921 0.0156169
0.5932 0.0156244
0.5943 0.0156215
0.5954 0.0156108
0.5965 0.0155914
0.5976 0.0155731
0.5987 0.0155496
0.5998 0.015515
0.6009 0.0154661
0.602 0.0154056
0.6031 0.0153395
0.6042 0.0152644
0.6053 0.0151912
0.6064 0.0151239
0.6075 0.0150575
0.6086 0.0149945
0.6097 0.014938
0.6108 0.014886
0.6119 0.0148622
0.613 0.0147878
0.6141 0.014647
0.6152 0.0145691
0.6163 0.0145974
0.6174 0.0146538
0.6185 0.0146962
0.6196 0.014721
0.6207 0.0147328
0.6218 0.0147647
0.6229 0.0147965
0.624 0.0147837
0.6251 0.0147308
0.6262 0.0146744
0.6273 0.0146315
0.6284 0.0145987
0.6295 0.0145487
0.6306 0.0144676
0.6317 0.0143372
0.6328 0.0141972
0.6339 0.0140528
0.635 0.0138927
0.6361 0.0137165
0.6372 0.0135359
0.6383 0.0133761
0.6394 0.0132176
0.6405 0.0130572
0.6416 0.0128586
0.6427 0.0126582
0.6438 0.0124766
0.6449 0.0122954
0.646 0.0121284
0.6471 0.0119495
0.6482 0.0117636
0.6493 0.0115997
0.6504 0.0114684
0.6515 0.0113419
0.6526 0.0111611
0.6537 0.0109364
0.6548 0.0107163
0.6559 0.0105195
0.657 0.010325
0.6581 0.0101281
0.6592 0.00993528
0.6603 0.00972711
0.6614 0.00950509
0.6625 0.00926286
0.6636 0.00900802
0.6647 0.00875546
0.6658 0.00849966
0.6669 0.00824644
0.668 0.00799519
0.66905 0.00775689
0.6701 0.00748398
0.6712 0.00717475
0.6723 0.00684736
0.6734 0.00652114
0.6745 0.00620243
0.6756 0.00589794
0.6767 0.00561203
0.6778 0.00534409
0.6789 0.00508757
0.68 0.00483955
0.6811 0.00458362
0.6822 0.00432394
0.6833 0.00407181
0.6844 0.00382547
0.6855 0.00358838
0.6866 0.00336332
0.6877 0.00315177
0.6888 0.00295523
0.68985 0.00278646
0.6909 0.00262565
0.692 0.00245325
0.6931 0.00226011
0.6942 0.00205726
0.6953 0.00185937
0.6964 0.00164418
0.6975 0.00141644
0.6986 0.00119275
0.6997 0.000975391
0.7008 0.000771112
0.7019 0.000579341
0.703 0.000391237
0.7041 0.000207519
0.7052 2.98311e-05
0.7063 -0.000143684
0.7074 -0.000317137
0.7085 -0.000484068
0.7096 -0.0006358
0.7107 -0.000763859
0.7118 -0.000876432
0.7129 -0.000980926
0.714 -0.00107371
0.7151 -0.00115197
0.7162 -0.00121595
0.7173 -0.00126992
0.71835 -0.00131638
0.7194 -0.00135861
0.7205 -0.00140106
0.7216 -0.00144198
0.7227 -0.00147779
0.7238 -0.0015116
0.72485 -0.00154447
0.7259 -0.00157842
0.727 -0.00161333
0.7281 -0.00164291
0.7292 -0.00166305
0.7303 -0.00168517
0.7314 -0.00171064
0.7325 -0.00172884
0.7336 -0.00173379
0.7347 -0.00172645
0.7358 -0.00173781
0.7369 -0.00175765
0.738 -0.00175623
0.7391 -0.00172674
0.7402 -0.0016747
0.7413 -0.00162624
0.7424 -0.00158232
0.7435 -0.00152183
0.7446 -0.00146833
0.7457 -0.00141355
0.7468 -0.00135947
0.7479 -0.00130245
0.749 -0.00122136
0.7501 -0.00111129
0.7512 -0.000984386
0.7523 -0.000844719
0.7534 -0.00069915
0.7545 -0.000547579
0.7556 -0.000401458
0.7567 -0.000266158
0.7578 -0.000128157
0.7589 2.82548e-06
0.76 0.00013848
0.7611 0.000286803
0.7622 0.000439268
0.7633 0.000597769
0.7644 0.000769147
0.7655 0.00093006
0.7666 0.00107691
0.7677 0.00121266
0.7688 0.00134891
0.7699 0.00149087
0.771 0.00165006
0.7721 0.00181718
0.7732 0.00198772
0.7743 0.00216963
0.7754 0.00236387
0.7765 0.00256542
0.7776 0.00276532
0.7787 0.00296318
0.7798 0.00316036
0.7809 0.00336048
0.782 0.00355898
0.7831 0.00374305
0.7842 0.00391714
0.7853 0.00409357
0.7864 0.00426893
0.7875 0.00444298
0.7886 0.00461221
0.7897 0.00476787
0.7908 0.00491253
0.7919 0.00504639
0.793 0.00517407
0.7941 0.00529615
0.7952 0.00540724
0.7963 0.00550664
0.7974 0.00560008
0.7985 0.00568542
0.7996 0.00576141
0.8007 0.00582686
0.8018 0.00588725
0.8029 0.00594326
0.804 0.00599662
0.8051 0.00605255
0.8062 0.00611217
0.8073 0.0061701
0.8084 0.00621345
0.8095 0.00624268
0.8106 0.00626824
0.8117 0.00628909
0.8128 0.00631119
0.8139 0.00633866
0.815 0.0063589
0.8161 0.00635996
0.8172 0.0063399
0.8183 0.00630041
0.8194 0.00625959
0.8205 0.00621184
0.8216 0.00615516
0.8227 0.00607697
0.8238 0.00597205
0.8249 0.00585748
0.826 0.00575404
0.8271 0.0056492
0.8282 0.0055361
0.8293 0.00542172
0.8304 0.00530363
0.8315 0.0051863
0.8326 0.00507531
0.8337 0.0049699
0.8348 0.00487439
0.8359 0.0047879
0.837 0.00470682
0.8381 0.00462747
0.8392 0.00455669
0.84025 0.00448455
0.8413 0.00439761
0.8424 0.00429283
0.8435 0.00417708
0.8446 0.00405629
0.8457 0.00392016
0.8468 0.00376329
0.8479 0.0035913
0.849 0.00340039
0.8501 0.00319797
0.8512 0.00298423
0.8523 0.0027543
0.8534 0.0025128
0.8545 0.00227317
0.855525 0.0020547
0.8566 0.00182696
0.8577 0.00159655
0.8588 0.00137251
0.8599 0.00114935
0.861 0.000927431
0.8621 0.000712072
0.8632 0.000505866
0.8643 0.000313852
0.8654 0.000137455
0.8665 -2.63929e-05
0.8676 -0.000183949
0.8687 -0.000335153
0.8698 -0.000484605
0.8709 -0.000635145
0.872 -0.000786132
0.8731 -0.000941019
0.8742 -0.00109597
0.8753 -0.00125127
0.8764 -0.00140477
0.8775 -0.00156158
0.8786 -0.0017246
0.8797 -0.00189458
0.8808 -0.00206958
0.8819 -0.00225125
0.88295 -0.00242954
0.884 -0.00261078
0.8851 -0.00280454
0.8862 -0.00299367
0.88725 -0.00315843
0.8883 -0.00330605
0.8894 -0.00344442
0.8905 -0.00356598
0.8916 -0.00367138
0.8927 -0.00375915
0.8938 -0.00383176
0.8949 -0.00389467
0.896 -0.00394817
0.8971 -0.00398954
0.8982 -0.00401356
0.8993 -0.00402077
0.9004 -0.0040123
0.9015 -0.00399178
0.9026 -0.00396506
0.9037 -0.00393486
0.9048 -0.00390788
0.9059 -0.0038883
0.90695 -0.00386942
0.908 -0.00384884
0.9091 -0.00382495
0.910103 -0.0038008
0.9112 -0.00377413
0.9123 -0.00374835
0.9134 -0.00371996
0.9145 -0.00369161
0.9156 -0.00366054
0.9167 -0.00362082
0.9178 -0.00357159
0.9189 -0.00350998
0.92 -0.00343357
0.9211 -0.00334461
0.9222 -0.00324382
0.9233 -0.0031314
0.9244 -0.00300765
0.9255 -0.00287271
0.9266 -0.00272554
0.9277 -0.00256559
0.9288 -0.00239303
0.9299 -0.00220898
0.931 -0.00201677
0.9321 -0.00182064
0.9332 -0.00162544
0.9343 -0.00143309
0.9354 -0.00124245
0.9365 -0.00105406
0.9376 -0.000873694
0.9387 -0.000705177
0.9398 -0.000538423
0.9409 -0.000367939
0.942 -0.000194802
0.9431 -2.33705e-05
0.9442 0.000143342
0.9453 0.000307852
0.9464 0.000476661
0.9475 0.000648247
0.9486 0.00081777
0.9497 0.000985326
0.9508 0.00115862
0.9519 0.00134349
0.953 0.00153612
0.9541 0.00173033
0.9552 0.00192313
0.9563 0.0021219
0.9574 0.00232776
0.9585 0.00253082
0.9596 0.00272471
0.9607 0.00290951
0.9618 0.00308819
0.9629 0.00326168
0.964 0.00342581
0.9651 0.00357758
0.9662 0.00371849
0.96725 0.0038445
0.9683 0.00396174
0.9694 0.00407322
0.9705 0.00417014
0.9716 0.00425669
0.9727 0.00433645
0.9738 0.00440996
0.9749 0.00447567
0.976 0.0045382
0.9771 0.0046046
0.9782 0.00467099
0.9793 0.00473572
0.9804 0.0047928
0.9815 0.00484287
0.9826 0.00488999
0.9837 0.00493495
0.9848 0.00497801
0.9859 0.00501932
0.987 0.0050578
0.9881 0.00509267
0.9892 0.00511848
0.9903 0.00513032
0.9914 0.00512609
0.9925 0.00510558
0.9936 0.00506939
0.9947 0.00501995
0.9958 0.00495884
0.9969 0.0048872
0.998 0.00480139
0.9991 0.00471098
1.0001 0.00462446
