0 0 0
0.001 0 0
0.002 0 0
0.0031 0 0
0.0042 0 0
0.0052 0 0
0.0062 0 0
0.0072 0 0
0.0082 0 0
0.0093 0 0
0.0104 0 0
0.0115 0 0
0.0126 0 0
0.0137 0 0
0.0148 0 0
0.0159 0 0
0.017 0 0
0.0181 0 0
0.0192 0 0
0.0203 0 0
0.0214 0 0
0.0225 0 0
0.0236 0 0
0.0247 0 0
0.0258 0 0
0.0269 0 0
0.028 0 0
0.0291 0 0
0.0302 0 0
0.0313 0 0
0.0323 0 0
0.0333 0 0
0.0343 0 0
0.0353 0 0
0.0363 0 0
0.0373 0 0
0.0383 0 0
0.0393 0 0
0.0403 0 0
0.0413 0 0
0.0423 0 0
0.0433 0 0
0.0443 0 0
0.0453 0 0
0.0463 0 0
0.0473 0 0
0.0483 0 0
0.0493 0 0
0.0503 0 0
0.0513 0 0
0.0523 0 0
0.0533 0 0
0.0543 0 0
0.0553 0 0
0.0563 0 0
0.0573 0 0
0.0583 0 0
0.0593 0 0
0.0603 0 0
0.0613 0 0
0.0623 0 0
0.0633 0 0
0.0643 0 0
0.0653 0 0
0.0663 0 0
0.0673 0 0
0.0683 0 0
0.0693 0 0
0.0703 0 0
0.0713 0 0
0.0723 0 0
0.0733 0 0
0.0743 0 0
0.0753 0 0
0.0763 0 0
0.0773 0 0
0.0783 0 0
0.0793 0 0
0.0803 0 0
0.0813 0 0
0.0823 0 0
0.0833 0 0
0.0843 0 0
0.0853 0 0
0.0863 0 0
0.0873 0 0
0.0883 0 0
0.0893 0 0
0.0903 0 0
0.0913 0 0
0.0923 0 0
0.0933 0 0
0.0943 0 0
0.0953 0 0
0.0963 0 0
0.0973 0 0
0.0983 0 0
0.0993 0 0
0.1003 0 0
0.1013 0 0
0.1023 0 0
0.1033 0 0
0.1043 0 0
0.1053 0 0
0.1063 0 0
0.1073 0 0
0.1083 0 0
0.1093 0 0
0.1103 0 0
0.1113 0 0
0.1123 0 0
0.1133 0 0
0.1143 0 0
0.1153 0 0
0.1163 0 0
0.1173 0 0
0.1183 0 0
0.1193 0 0
0.1203 0 0
0.1213 0 0
0.1223 0 0
0.1233 0 0
0.1243 0 0
0.1253 0 0
0.1264 0 0
0.1275 -0.00059436 -1.37599e-06
0.1286 -0.0044101 -0.00331691
0.1297 0.0151625 -0.00460164
0.1308 0.0225898 0.00406997
0.1319 -0.010868 -0.0342367
0.133 0.0449562 0.0512339
0.1341 -0.00373434 0.00641111
0.1352 -0.0373426 -0.0206777
0.1363 0.000400165 -0.000753801
0.1374 0.00350799 0.00414087
0.1385 0.00142467 0.0011043
0.1396 -0.00184015 0.0186574
0.1407 -0.0658491 -0.0237946
0.1418 0.0414336 -0.0269794
0.1429 0.00829719 0.0153638
0.144 0.0160889 0.00973402
0.1451 0.0729692 0.0128929
0.1462 -0.0763826 0.00111387
0.1473 -0.0722971 -0.0258716
0.1484 -0.0685842 -0.0232664
0.1495 0.129651 0.0438778
0.1506 0.0489493 0.0299794
0.1517 -0.126373 -0.026557
0.1528 -0.0344292 -0.00823213
0.1539 -0.0222581 -0.00845874
0.155 -0.0538556 -0.0167611
0.1561 0.0865586 0.0331153
0.1572 -0.00363684 0.014272
0.1583 -0.130503 -0.0168252
0.1594 -0.13541 -0.109775
0.1605 0.0480961 -0.0468866
0.1616 -0.00699405 0.0640532
0.1627 0.0626032 0.0332935
0.1638 -0.0397202 0.0140502
0.1649 -0.138524 -0.0164446
0.166 -0.050104 -0.0377371
0.1671 -0.0232947 0.0239026
0.1682 -0.0385816 0.00112267
0.1693 -0.0782821 -0.00779657
0.1704 -0.0868742 -0.0325359
0.1715 -0.103349 -0.0274799
0.1726 -0.0254427 0.0464121
0.1737 -0.0230623 -0.0152318
0.1748 0.029305 -0.0127919
0.1759 -0.0819285 -0.0205261
0.177 -0.1318 -0.00410991
0.1781 -0.0046516 -0.0350237
0.1792 0.0404014 0.0464537
0.1803 -0.0982779 0.0769494
0.1814 -0.00785437 0.0043802
0.1825 -0.0348068 0.00320096
0.1836 -0.00275609 0.0560338
0.1847 0.0464278 0.0425599
0.1858 0.0264609 0.0173087
0.1869 -0.0112583 0.0146442
0.188 -0.0408195 -0.00242142
0.1891 0.0851529 -0.0494949
0.1902 0.0985602 -0.037999
0.1913 0.0188298 0.0133741
0.1924 -0.0407802 0.117828
0.1935 -0.0747191 0.0187885
0.1946 0.0385323 -0.0540426
0.1957 0.0386392 -0.0702912
0.1968 0.0780424 -0.00789258
0.1979 0.0164895 0.018577
0.199 0.0111299 -0.00550399
0.2001 -0.0230524 0.011722
0.2012 -0.00981268 0.000416376
0.2023 0.0707476 -0.0110033
0.2034 0.0257002 0.0207457
0.2045 -0.0781731 0.0527398
0.2056 -0.0453618 -0.014023
0.2067 0.00203819 -0.00961325
0.2078 0.0395929 -0.00146053
0.2089 0.00395219 0.0365605
0.21 -0.0745395 0.0398895
0.2111 0.0263882 -0.0438664
0.2122 0.101387 -0.0525908
0.2133 0.0185675 0.0430831
0.2144 0.0206274 0.0104482
0.2155 0.0501251 -0.0276669
0.2166 -0.0228895 0.0442762
0.2177 -0.0246219 0.00850209
0.2188 0.0583528 -0.0287673
0.2199 0.0601828 0.0132305
0.221 0.00130291 -0.011376
0.2221 -1.20395e-05 -0.0355424
0.2232 0.0642702 -0.0464546
0.2243 -0.0147723 0.0138554
0.2254 0.112687 -0.108294
0.2265 -0.0230698 0.0539245
0.2276 -0.00305977 -0.0200644
0.2287 0.0750711 -0.0899811
0.2298 0.0610017 -0.023356
0.2309 0.0238019 -0.0225974
0.232 0.0195631 0.00510565
0.2331 -0.0111163 0.0508011
0.2342 0.0277009 -0.038362
0.2353 0.0270589 0.0145895
0.2364 0.0617217 0.0547479
0.2375 -0.00113574 0.042736
0.2386 0.0350057 -0.0116692
0.2397 0.0273966 -0.036607
0.2408 -0.00486725 -0.0455446
0.2419 0.0330521 -0.00636715
0.243 -0.00697846 0.031039
0.2441 0.0103413 0.0199982
0.2452 -0.0173076 -0.0117557
0.2463 -0.00458458 0.0289541
0.2474 0.034973 -0.000604202
0.2485 0.0133495 0.0143723
0.2496 0.0195347 -0.0154115
0.2507 0.0272782 -0.0360908
0.2518 0.0582004 -0.0362598
0.2529 0.0518745 -0.011599
0.254 0.0532321 -0.0243687
0.2551 0.0593278 -0.129102
0.2562 0.0703952 -0.0754325
0.2573 -0.00426717 0.0131202
0.2584 0.0616468 -0.0469413
0.2595 0.032139 0.00685969
0.2606 0.0331418 -0.0297097
0.2617 0.120526 0.0713127
0.2628 0.0464995 0.0186882
0.2639 0.00852798 0.0239448
0.265 0.0355309 -0.0303013
0.2661 0.057932 -0.0203924
0.2672 0.073371 -0.0486846
0.2683 0.019723 0.0112307
0.2694 -0.00532852 0.0148261
0.2705 -0.0159788 0.00875369
0.2716 0.0186181 -0.0225062
0.2727 0.00821255 0.0155901
0.2738 -0.0257868 0.0640212
0.2749 -0.0559581 0.0420431
0.276 -0.0840921 0.0534195
0.2771 0.00693452 0.0433317
0.2782 0.0361239 0.00882306
0.2793 0.092831 0.066352
0.2804 -0.035097 0.0491346
0.2815 0.00816069 0.00465552
0.2826 0.0136179 -0.0313775
0.2837 0.00596675 0.0124408
0.2848 0.00366241 0.0190463
0.2859 -0.0204679 0.0207047
0.287 -0.111443 0.0130107
0.2881 0.0260556 -0.0474973
0.2892 0.083373 -0.0167049
0.2903 0.0548134 0.133773
0.2914 0.0368411 -0.019036
0.2925 0.0570337 -0.0683375
0.2936 0.0361969 -0.0384951
0.2947 0.0374857 -0.0127502
0.2958 0.0270301 0.0190192
0.2969 0.0213464 0.011916
0.298 0.0158532 -0.00274519
0.2991 0.0135299 -0.00873878
0.3002 0.008734 -0.0033017
0.3013 0.0571979 0.00191798
0.3024 0.0289165 -0.00374193
0.3035 0.0721042 -0.0429899
0.3046 0.035487 0.0132903
0.3057 0.0511398 0.0112669
0.3068 -0.00211939 0.0268183
0.3079 0.000271078 0.0170491
0.309 -0.00992215 0.0262566
0.3101 -0.00307625 0.0386325
0.3112 -0.0265134 0.0321989
0.3123 -0.0475953 0.0380639
0.3134 0.02601 -0.00101317
0.3145 0.0122703 0.00808814
0.3156 -0.000880092 0.00413562
0.3167 -0.011968 0.00508451
0.3178 -0.0261101 0.00504813
0.3189 -0.0165066 0.000281204
0.32 -0.0231532 0.00249955
0.3211 0.00393645 0.0010095
0.3222 -0.0374354 0.0284157
0.3233 -0.004611 0.0227606
0.3244 -0.0150925 0.0205394
0.3255 0.0408391 -0.0125374
0.3266 0.0473365 -0.00441624
0.3277 0.0515294 0.0253497
0.3288 0.0361149 0.0336141
0.3299 -0.0056119 -0.0062671
0.331 0.0261439 -0.0293364
0.3321 0.00824341 -0.00917297
0.3332 0.0436443 -0.0273785
0.3343 -0.00798238 0.0206992
0.3354 -0.0321294 0.0013982
0.3365 -0.0103006 0.0125156
0.3376 0.0364209 -0.0157452
0.3387 0.0368246 -0.00485198
0.3398 0.0331924 -0.00500219
0.3409 0.00350166 0.0268881
0.342 -0.00541598 0.0067405
0.3431 0.0184718 0.00462574
0.3442 0.0343954 0.0129335
0.3453 0.0132387 0.00608819
0.3464 -0.0312661 0.0354281
0.3475 -0.049688 0.00437985
0.3486 -0.00691159 -0.00765123
0.3497 -0.00816978 -0.00487568
0.3508 -0.012134 0.00507912
0.3519 -0.0327229 0.0122982
0.353 -0.0253742 -0.0328666
0.3541 -0.00887611 0.00381392
0.3552 -0.00243914 0.00415154
0.3563 -0.00617539 0.02144
0.3574 0.00650659 0.0260465
0.3585 -0.0137621 0.0106952
0.3596 -0.00884901 0.00600571
0.3607 0.0160715 0.00394031
0.3618 0.0133036 0.01802
0.3629 -0.00397064 0.00681577
0.364 -0.00823161 0.0023808
0.3651 0.00870861 -0.015333
0.3662 0.0370276 -0.0189525
0.3673 0.0339885 -0.0139843
0.3684 -0.00218615 0.0071199
0.3695 0.010135 -0.00685617
0.3706 0.00453199 -0.00574036
0.3717 0.00843536 0.00173459
0.3728 0.0170575 0.00487197
0.3739 0.00123768 0.0253277
0.375 -0.00983866 0.0176409
0.3761 0.00658102 0.00294335
0.3772 0.0215112 0.000524477
0.3783 0.0128437 0.00265341
0.3794 0.0241635 0.00315827
0.3805 -0.00952164 0.0254999
0.3816 0.00376731 -0.00792918
0.3827 0.00282642 -0.0078528
0.3838 -0.0506506 0.0170606
0.3849 0.0110542 -0.0167547
0.386 0.019478 0.000708892
0.3871 -0.00496993 -0.00562833
0.3882 -0.0175842 0.000731115
0.3893 -0.0222167 0.0104517
0.3904 -0.0119056 0.00835568
0.3915 -7.4477e-05 0.00732932
0.3926 -0.00796979 0.0115864
0.3937 -0.0158613 2.38024e-05
0.3948 -0.00731027 0.00927589
0.3959 -0.010862 0.00681423
0.397 0.00716935 -0.00318577
0.3981 0.0181094 -0.00673903
0.3992 0.0171381 -0.0077117
0.4003 -0.0118693 -0.00700087
0.4014 0.00155664 -0.0108616
0.4025 -0.0245102 0.0109243
0.4036 0.0117145 -0.00991743
0.4047 0.00472811 0.00219614
0.4058 0.01146 0.0101874
0.4069 0.000949378 0.00601411
0.408 -0.00487402 0.0119609
0.4091 0.0166777 0.00922993
0.4102 0.0316314 0.00998519
0.4113 0.0231679 -0.000475257
0.4124 0.0105702 0.00546503
0.4135 0.00772826 0.00276437
0.4146 -0.00526911 -0.00388116
0.4157 0.00551687 -0.00261371
0.4168 0.0199448 -0.0110049
0.4179 0.00155282 -0.0176409
0.419 -0.0242649 0.00800289
0.4201 -0.0117013 0.00171598
0.4212 -0.0207331 0.00257166
0.4223 0.00430961 0.000971511
0.4234 -0.00671509 0.00594928
0.4245 -0.0147063 0.00840531
0.4256 -0.00403902 0.0073994
0.4267 -0.0032249 0.0053388
0.4278 -0.0118038 0.00476942
0.4289 -0.0149368 0.00776519
0.43 -0.0301463 0.0118125
0.4311 -0.0226404 0.00751398
0.4322 -0.0128979 0.00219689
0.43325 -0.01568 0.0104544
0.4343 0.00193634 -0.00109857
0.4354 -0.0129369 0.00542372
0.4365 0.00894892 -0.00574449
0.4376 0.00833373 0.0192656
0.4387 0.00999261 0.00600144
0.4398 0.00910085 0.0104201
0.4409 0.016772 0.00826098
0.442 0.00517339 0.0101031
0.4431 0.011464 0.00214645
0.4442 0.0151707 0.0133491
0.4453 0.00716434 0.00801433
0.4464 0.00113341 0.0502433
0.4475 0.0390002 -0.0121293
0.4486 0.0443023 0.0105298
0.4497 0.0254847 -0.00868127
0.4508 0.0107057 -0.00537296
0.4519 -0.00552668 -0.00306722
0.453 -0.00469965 0.00157211
0.4541 0.0249152 0.00871272
0.4552 0.0170407 0.00316885
0.4563 -0.0421624 0.0194671
0.4574 -0.0140064 0.013843
0.4585 -0.0171658 -0.00341248
0.4596 0.017245 -0.000968932
0.4607 0.0151975 0.00257917
0.4618 0.00700906 0.00605181
0.4629 -0.0270201 0.0012127
0.464 -0.0296487 0.00297687
0.4651 -0.005456 -0.00664672
0.4662 0.00617944 -0.00217465
0.4673 -0.00748252 0.000972619
0.4684 -0.0257227 0.00863574
0.469412 -0.0254923 0.0133182
0.4705 -0.0169879 0.00461001
0.4716 0.0220574 -0.00334745
0.4727 0.0396551 0.00419831
0.4738 0.012214 -0.00040127
0.4749 -0.0225995 0.0104974
0.476 0.0148881 0.0200131
0.4771 0.00941362 0.0125326
0.4782 0.0204357 0.00611683
0.4793 0.0111055 0.00496293
0.4804 0.00364887 0.00337046
0.4815 0.0152775 -0.00951704
0.4826 0.0314795 -0.00865003
0.4837 0.0209588 0.000821294
0.4848 0.0354479 -0.00974171
0.4859 0.0098286 0.0124227
0.48695 0.0248565 -0.00327858
0.488 -0.00641172 0.0140255
0.4891 0.010107 0.0047316
0.49015 0.00305813 0.023031
0.4912 0.0162859 0.00156235
0.4923 0.00152357 0.00946783
0.493325 0.00936096 0.000815618
0.4944 0.00579241 0.00227676
0.4955 0.00498941 0.0153027
0.4966 -0.00402148 0.0211652
0.4977 0.00836731 0.0021356
0.4988 -0.0170108 0.00607213
0.4999 -0.0164967 0.010188
0.501 -0.0180314 -0.00178515
0.50205 -0.0158496 0.00345276
0.5031 -0.0056019 0.00192228
0.5042 -0.00354409 0.0063244
0.5053 -0.00489555 0.00768134
0.5064 0.00620803 0.0206002
0.5075 0.00146581 0.00832687
0.5086 0.0131376 0.00294267
0.5097 0.0171713 0.0149393
0.5108 -0.00571013 0.00440079
0.5119 0.00526791 0.00754175
0.51295 0.0303243 0.0512512
0.514 0.00882262 0.00462049
0.5151 0.0201443 0.00207375
0.5162 0.0131544 0.00062878
0.5173 0.0132955 -0.00589658
0.5184 0.0394911 -0.0122593
0.5195 0.025445 -0.00589467
0.5206 0.0284791 -0.00211201
0.5217 0.00101204 0.00184708
0.5228 0.0240779 -0.00553401
0.5239 0.00851022 0.00445553
0.525 -0.00363178 -0.00082092
0.5261 0.0367558 -0.00552424
0.5272 0.000195633 0.0123902
0.5283 0.0135093 -0.000836018
0.5294 -0.0106189 0.00363146
0.5305 0.00291884 0.00180043
0.5316 0.0136157 0.013346
0.5327 -0.000478296 0.0143159
0.5338 -0.0282992 0.00787763
0.5349 -0.00895993 0.00451682
0.536 -0.00809265 0.0232191
0.5371 -0.0185316 0.0126188
0.5382 0.00590916 0.0063925
0.5393 -0.00043409 0.00893729
0.5404 -0.00923963 0.00828349
0.5415 0.000390448 0.00521997
0.5426 0.0025167 0.0101279
0.5437 -0.00983838 0.0148303
0.5448 -0.00642455 0.0120174
0.5459 0.00237061 0.000990725
0.547 0.00998875 0.00731118
0.5481 -0.00350423 0.0270539
0.5492 0.0182025 -0.0035349
0.5503 0.0228376 -0.00814899
0.5514 0.0318795 -0.0322488
0.5525 0.0361494 -0.0127928
0.5536 0.0333329 -0.0158725
0.5547 0.0131116 -0.00457128
0.5558 0.0335757 -0.0195146
0.5569 0.02891 -0.015953
0.558 0.0227316 -0.0131512
0.5591 0.0186674 -0.00934822
0.5602 0.0197543 0.00479789
0.5613 0.0105688 0.0190861
0.5624 0.0198932 -0.00218438
0.5635 0.0460863 -0.0113333
0.5646 0.0424473 -0.00167355
0.5657 0.0258362 -0.000972251
0.5668 0.0107133 0.000855174
0.5679 0.00262137 0.00372852
0.569 -0.00826145 0.00889206
0.5701 -0.00515989 0.0125927
0.5712 -0.00651672 0.0100019
0.5723 -0.0143498 0.0139437
0.5734 -0.0166433 0.00686187
0.5745 -0.00118565 0.0454832
0.5756 -0.000772428 0.0207786
0.5767 0.012106 0.00360639
0.5778 0.017747 0.00150341
0.5789 0.0027735 0.00207116
0.58 0.00213258 -0.0013437
0.5811 0.00553665 0.0144729
0.5822 -0.0034628 0.00504002
0.5833 -0.00165946 0.000226471
0.5844 -0.000450819 -0.00107434
0.5855 -0.00407075 0.000845294
0.5866 0.0172673 -0.00570681
0.5877 0.0225684 0.00126035
0.5888 0.0318869 -0.00776092
0.5899 0.028737 -0.0102705
0.591 0.0275555 -0.00413008
0.5921 0.0214444 -0.0044118
0.5932 0.0191931 -0.00111017
0.5943 0.0168392 0.00943718
0.5954 0.0223025 0.00237134
0.5965 0.0118177 0.000700765
0.5976 0.017218 -0.00448903
0.5987 0.0168295 -0.00588132
0.5998 0.0226735 -0.00768493
0.6009 0.0202713 -0.00652764
0.602 0.0264974 0.0241619
0.6031 0.0232726 0.00420042
0.6042 0.0216908 0.0154485
0.6053 0.0065555 0.00661127
0.6064 0.0122614 0.00246649
0.6075 0.00171953 0.00560849
0.6086 0.00399544 0.0041414
0.6097 -0.00122795 0.0063
0.6108 -0.029503 -0.00131344
0.6119 0.0621345 -0.056946
0.613 0.100765 0.0428266
0.6141 -0.0523837 0.0371395
0.6152 -0.114399 -0.00675074
0.6163 -0.0279386 -0.0038076
0.6174 0.0184172 0.0135994
0.6185 0.0162177 -0.00360733
0.6196 0.0184725 0.00298925
0.6207 -0.015761 -0.00817858
0.6218 0.0194401 -0.0196499
0.6229 0.0565484 -0.0230551
0.624 0.0555999 0.00455503
0.6251 0.00814575 0.0103147
0.6262 -0.0140829 0.0125677
0.6273 -0.00884414 0.00790496
0.6284 0.0234621 -0.00252852
0.6295 0.0241044 -0.0013268
0.6306 0.0671813 -0.0326911
0.6317 0.0146823 0.0413787
0.6328 0.0102679 -0.0196152
0.6339 0.0325639 -0.0172973
0.635 0.0184759 0.0146197
0.6361 0.0239978 -0.00937668
0.6372 -0.0236621 0.0130171
0.6383 0.00967093 -0.0119023
0.6394 -0.00337169 0.00847614
0.6405 0.0669572 -0.0212444
0.6416 0.0283428 0.0147509
0.6427 -0.0251873 0.0104971
0.6438 0.0212619 -0.026152
0.6449 -0.0246772 0.0106475
0.646 0.0194828 0.00968162
0.6471 0.0205579 0.00541784
0.6482 -0.00728002 0.0110326
0.6493 -0.0291646 0.00214115
0.6504 -0.00740771 -0.00553498
0.6515 0.0260124 -0.00139956
0.6526 0.0733186 -0.0596207
0.6537 0.00983739 -0.0191877
0.6548 -0.0650798 0.0201636
0.6559 -0.00451359 -0.00123083
0.657 0.00431832 -0.00576102
0.6581 0.0178783 0.016228
0.6592 0.0384718 0.0121548
0.6603 0.0231762 -0.00245668
0.6614 0.0297704 -0.0136183
0.6625 0.0242266 0.0110299
0.6636 -0.00270298 0.0114261
0.6647 0.00435621 0.00834288
0.6658 0.00215471 0.00194003
0.6669 0.00109696 -0.00669668
0.668 -0.0122514 -0.00672962
0.66905 0.0470969 0.00348092
0.6701 0.0259962 -0.000846619
0.6712 0.0277872 -0.00471635
0.6723 0.0029133 -0.0135169
0.6734 0.000816077 0.000973008
0.6745 -0.0150191 0.00290298
0.6756 -0.0154803 0.00845889
0.6767 -0.0221198 -0.0021624
0.6778 -0.0167607 -0.0058956
0.6789 -0.0183209 -0.00419268
0.68 0.00860028 0.00926548
0.6811 0.00572419 0.0129486
0.6822 -0.00732069 0.00306607
0.6833 -0.00604108 -0.0124652
0.6844 -0.00859049 -0.00900261
0.6855 -0.0102076 0.00751232
0.6866 -0.00945968 0.0277122
0.6877 -0.00855482 0.00511372
0.6888 -0.015876 0.00559091
0.68985 -0.00834286 -0.00474589
0.6909 0.00439746 -0.00798973
0.692 0.0230082 0.010766
0.6931 0.0159839 0.008784
0.6942 -0.00836812 -0.0105319
0.6953 0.0207908 0.00503015
0.6964 0.0187659 0.00128902
0.6975 -0.00316629 0.0043387
0.6986 -0.00205069 0.0104023
0.6997 -0.0152489 -0.000801576
0.7008 -0.0147956 -0.0108788
0.7019 0.00019371 -0.000678548
0.703 0.00168025 0.00571464
0.7041 -0.00170136 0.000697003
0.7052 -0.00374049 0.00481047
0.7063 0.00148649 -0.00359156
0.7074 -0.0046429 -0.00559903
0.7085 -0.012145 0.00352629
0.7096 -0.0254033 0.00612769
0.7107 -0.0172187 -0.0051042
0.7118 -0.0101687 -0.0096839
0.7129 -0.0115096 -0.00186605
0.714 -0.0146673 0.0045271
0.7151 -0.0136638 0.00222203
0.7162 -0.0102194 -0.00351899
0.7173 -0.00517038 0.00131348
0.71835 -0.00290038 -0.000887823
0.7194 -0.00124528 -0.00260671
0.7205 -0.00214641 0.00853327
0.7216 -0.00760121 0.0021327
0.7227 -0.00131102 -0.00177397
0.7238 0.00315437 -0.00411696
0.72485 0.00264063 -0.00814898
0.7259 -0.00201365 -0.000467465
0.727 -0.00172611 -0.00306837
0.7281 -0.0132527 -0.00253252
0.7292 0.00357367 -0.00367714
0.7303 0.00664226 0.000648422
0.7314 -0.00615325 0.00284126
0.7325 -0.00528763 0.00699856
0.7336 -0.0203275 0.00161623
0.7347 0.0224218 0.00418629
0.7358 0.014636 0.00330162
0.7369 -0.0220076 0.00572976
0.738 -0.0335969 0.00379779
0.7391 -0.0234483 0.00192417
0.7402 -0.00289347 0.00455913
0.7413 0.0146698 0.00640764
0.7424 -0.026125 -0.00595542
0.7435 0.0149455 0.00600244
0.7446 -0.00642096 -0.00126843
0.7457 0.0019626 -0.00360019
0.7468 -0.00013196 0.000412481
0.7479 -0.0226236 0.000945255
0.749 -0.0309318 -0.00055207
0.7501 -0.0151002 -0.00261361
0.7512 -0.0143102 0.000189962
0.7523 -0.00439164 1.45061e-05
0.7534 -0.010856 -0.000787696
0.7545 0.00635569 0.000278548
0.7556 0.0142335 -0.00492885
0.7567 -0.00984362 0.00198943
0.7578 0.0127069 -0.00331504
0.7589 -0.00528233 -0.00152942
0.76 -0.014223 -0.00781226
0.7611 -0.00454596 0.00567382
0.7622 -0.00311575 -0.00178275
0.7633 -0.0218846 -0.0107312
0.7644 0.0119494 0.00388107
0.7655 0.0148896 0.00538445
0.7666 0.00994475 0.00463775
0.7677 0.000258249 0.000236708
0.7688 -0.00406052 -0.00464332
0.7699 -0.0199995 -0.011556
0.771 -0.0059601 0.000478462
0.7721 0.000121297 0.00177309
0.7732 -0.0141204 -0.00754822
0.7743 -0.0114528 -0.00769507
0.7754 -0.00793222 -0.00156285
0.7765 0.00140359 -0.000674822
0.7776 0.00256104 0.00229255
0.7787 0.00156598 0.000549823
0.7798 -0.00590278 -0.00487075
0.7809 -0.00203421 0.00118408
0.782 0.015386 0.000674535
0.7831 0.012044 0.00337163
0.7842 -0.00480596 0.00139165
0.7853 0.00232467 0.00465413
0.7864 -0.000363596 -0.00396517
0.7875 0.00305576 0.00117561
0.7886 0.012822 0.0017502
0.7897 0.00958103 -0.00229092
0.7908 0.0110407 -0.00160591
0.7919 0.00624886 -0.00399851
0.793 0.00235679 -0.00196222
0.7941 0.00886673 0.00169066
0.7952 0.011883 -0.000167348
0.7963 0.00362583 -0.00301464
0.7974 0.00794407 -0.00146947
0.7985 0.00487431 -5.2405e-05
0.7996 0.0101049 0.00523658
0.8007 0.00446843 0.000399617
0.8018 0.00342069 0.000855917
0.8029 0.00292784 0.00131469
0.804 -0.00153866 0.000114104
0.8051 -0.00343865 0.00105685
0.8062 -0.001186 -0.000980623
0.8073 0.0121551 -0.0049971
0.8084 0.0151142 -0.00360659
0.8095 0.00185467 0.00399473
0.8106 0.00505985 -0.00162471
0.8117 -0.000902702 0.00095937
0.8128 -0.00655876 -0.00395094
0.8139 0.00549399 0.000908796
0.815 0.0155324 0.000971383
0.8161 0.0183177 0.00158483
0.8172 0.0157195 -0.00302652
0.8183 -0.00268996 6.94236e-05
0.8194 0.00691876 -0.000659888
0.8205 0.00489669 -0.00444099
0.8216 0.0192481 0.00670922
0.8227 0.0161918 -0.000790444
0.8238 0.00875119 -0.0115433
0.8249 -0.0133416 0.000892134
0.826 0.000621141 -0.00117559
0.8271 0.0116901 -0.00589643
0.8282 0.000818514 0.00247404
0.8293 0.00465308 0.0020104
0.8304 -0.000157046 -0.00117537
0.8315 -0.00612759 0.00387106
0.8326 -0.00320485 -2.00593e-05
0.8337 -0.00894677 -0.000819226
0.8348 -0.00823099 0.00431668
0.8359 -0.00457393 0.00206207
0.837 0.00146717 -0.00298404
0.8381 -0.0107372 -0.00265505
0.8392 0.00414287 -0.000277164
0.84025 0.0144619 0.00723363
0.8413 0.0113284 -0.00213432
0.8424 0.0108273 -0.00368722
0.8435 0.00185959 -0.00497297
0.8446 0.0127935 0.00112092
0.8457 0.0183842 0.00272309
0.8468 0.0103188 -0.000598254
0.8479 0.018109 -0.000265624
0.849 0.00865198 -0.00400636
0.8501 0.0103392 -0.000232298
0.8512 0.0137466 0.00302908
0.8523 0.0106512 -0.00053404
0.8534 -0.000400719 -4.48704e-05
0.8545 -0.00550747 0.00238963
0.855525 -0.00133777 0.00198711
0.8566 -0.00190185 -3.56149e-05
0.8577 -0.00704674 -0.00143959
0.8588 0.000126819 0.00192113
0.8599 -0.001038 0.00223453
0.861 -0.00483324 0.00113148
0.8621 -0.0082688 0.000324162
0.8632 -0.0115871 0.000636456
0.8643 -0.0136028 -5.33344e-05
0.8654 -0.0116192 -0.00102893
0.8665 -0.00468509 0.0025026
0.8676 -0.00685121 -0.00148151
0.8687 -0.00218461 -0.000337625
0.8698 0.00181829 0.000304451
0.8709 -0.00130705 0.000205628
0.872 0.00553447 0.00100711
0.8731 -0.00154635 0.000768455
0.8742 0.00126323 0.000481058
0.8753 -0.00270918 -0.000645422
0.8764 0.0031489 0.00195619
0.8775 0.00462473 0.000794446
0.8786 0.00750093 0.000790361
0.8797 0.00269379 -0.00209536
0.8808 0.0067231 0.000995151
0.8819 0.00468493 0.000952737
0.88295 0.00215919 -0.000451102
0.884 0.00456263 0.00242689
0.8851 -0.00287374 0.00214597
0.8862 -0.014914 -0.00154453
0.88725 -0.01666 -0.000319375
0.8883 -0.0137477 0.0011732
0.8894 -0.01427 -0.00046516
0.8905 -0.0136073 -0.00116751
0.8916 -0.0163849 -0.00155607
0.8927 -0.0132494 -0.00228428
0.8938 -0.00708884 7.15237e-05
0.8949 -0.00816007 -0.000838943
0.896 -0.0092463 -0.00157285
0.8971 -0.0154491 -0.00215667
0.8982 -0.0146355 -0.00172731
0.8993 -0.013461 -0.00081841
0.9004 -0.0111808 -0.000649927
0.9015 -0.00523953 0.0013031
0.9026 -0.00351121 0.000709114
0.9037 0.00269856 0.000813117
0.9048 0.00877623 0.00173854
0.9059 -0.00107312 -0.00116287
0.90695 -0.00159945 0.00251669
0.908 -0.00284567 0.000491379
0.9091 -0.00259829 -0.00223859
0.910103 -0.000650697 4.35879e-05
0.9112 0.00090399 -0.000463891
0.9123 -0.00293305 4.35179e-05
0.9134 0.000858209 -0.000429745
0.9145 -0.00154745 0.000437875
0.9156 -0.00740606 -0.00179235
0.9167 -0.00737564 -0.00014127
0.9178 -0.0103415 0.000657076
0.9189 -0.0134674 -0.000219936
0.92 -0.0104362 -0.000453656
0.9211 -0.0098537 -0.000657756
0.9222 -0.0101116 -0.000489064
0.9233 -0.00963316 0.000238268
0.9244 -0.00924928 -6.48561e-05
0.9255 -0.0104359 -0.000720364
0.9266 -0.0112184 -0.00163329
0.9277 -0.010706 -0.000488433
0.9288 -0.0102851 -0.000219228
0.9299 -0.00684208 0.000360355
0.931 -0.00417721 -0.000610625
0.9321 0.000867259 0.00055277
0.9332 0.00227918 0.000353145
0.9343 0.00187029 0.00189492
0.9354 0.0028304 0.000835301
0.9365 0.00491979 0.00106628
0.9376 0.0121287 0.0020221
0.9387 0.0018257 0.000969903
0.9398 -0.00355968 0.000456945
0.9409 -0.00269336 0.000213281
0.942 0.00141997 -0.000364279
0.9431 0.00399528 -0.000576319
0.9442 0.00323037 0.000460066
0.9453 -0.00497125 -0.00077151
0.9464 -0.00312336 -0.000919385
0.9475 0.00213042 -2.05234e-05
0.9486 0.00275639 0.000592176
0.9497 -0.00443593 0.00110222
0.9508 -0.0105403 0.000987742
0.9519 -0.00746982 0.00105763
0.953 -0.00182962 0.00113244
0.9541 0.0029264 0.000453679
0.9552 -0.00552589 0.0041128
0.9563 -0.00804324 0.000435486
0.9574 0.00220605 -0.00123699
0.9585 0.00810818 -0.000168689
0.9596 0.00819243 -0.000298813
0.9607 0.00542245 -0.000125488
0.9618 0.0037006 -5.55609e-05
0.9629 0.00780562 -0.00169088
0.964 0.0103289 -0.000916589
0.9651 0.00941322 0.00100655
0.9662 0.00772148 0.000431689
0.96725 0.00809755 0.000339073
0.9683 0.008946 -0.000217501
0.9694 0.0131284 -0.00145022
0.9705 0.00947766 0.000871898
0.9716 0.00572918 -0.00032291
0.9727 0.00524518 0.00039378
0.9738 0.00573024 -0.00372136
0.9749 0.00467299 0.000488966
0.976 -0.00480015 0.000573541
0.9771 0.000843889 0.00280254
0.9782 0.000447054 -0.00156038
0.9793 0.00684937 -0.00293976
0.9804 0.00621504 0.00147673
0.9815 0.00257647 0.000888721
0.9826 0.00172376 0.00174546
0.9837 0.00181736 -0.000539145
0.9848 0.00092069 -0.00136005
0.9859 0.00280091 0.000162236
0.987 0.00230355 0.00173446
0.9881 0.00731471 0.000628626
0.9892 0.0111343 -0.00204557
0.9903 0.0144438 -0.00304954
0.9914 0.0137485 -0.00175917
0.9925 0.0137564 -0.000468059
0.9936 0.011286 -0.000189302
0.9947 0.00988795 -0.000887804
0.9958 0.00910946 -0.00259513
0.9969 0.0148756 -0.00806837
0.998 0.00190444 0.0075763
0.9991 0.00476227 -5.67224e-05
1.0001 0.00622167 0.00253004
