0 0
0.001 0
0.002 0
0.0031 0
0.0042 0
0.0052 0
0.0062 0
0.0072 0
0.0082 0
0.0093 0
0.0104 0
0.0115 0
0.0126 0
0.0137 0
0.0148 0
0.0159 0
0.017 0
0.0181 0
0.0192 0
0.0203 0
0.0214 0
0.0225 0
0.0236 0
0.0247 0
0.0258 0
0.0269 0
0.028 0
0.0291 0
0.0302 0
0.0313 0
0.0323 0
0.0333 0
0.0343 0
0.0353 0
0.0363 0
0.0373 0
0.0383 0
0.0393 0
0.0403 0
0.0413 0
0.0423 0
0.0433 0
0.0443 0
0.0453 0
0.0463 0
0.0473 0
0.0483 0
0.0493 0
0.0503 0
0.0513 0
0.0523 0
0.0533 0
0.0543 0
0.0553 0
0.0563 0
0.0573 0
0.0583 0
0.0593 0
0.0603 0
0.0613 0
0.0623 0
0.0633 0
0.0643 0
0.0653 0
0.0663 0
0.0673 0
0.0683 0
0.0693 0
0.0703 0
0.0713 0
0.0723 0
0.0733 0
0.0743 0
0.0753 0
0.0763 0
0.0773 0
0.0783 0
0.0793 0
0.0803 0
0.0813 0
0.0823 0
0.0833 0
0.0843 0
0.0853 0
0.0863 0
0.0873 0
0.0883 0
0.0893 0
0.0903 0
0.0913 0
0.0923 0
0.0933 0
0.0943 0
0.0953 0
0.0963 0
0.0973 0
0.0983 0
0.0993 0
0.1003 0
0.1013 0
0.1023 0
0.1033 0
0.1043 0
0.1053 0
0.1063 0
0.1073 0
0.1083 0
0.1093 0
0.1103 0
0.1113 0
0.1123 0
0.1133 0
0.1143 0
0.1153 0
0.1163 0
0.1173 0
0.1183 0
0.1193 0
0.1203 0
0.1213 0
0.1223 0
0.1233 2.55093e-08
0.1243 -8.73792e-07
0.1253 1.14245e-05
0.1264 -9.38878e-06
0.1275 -3.84979e-05
0.1286 -4.05875e-05
0.1297 -4.69611e-05
0.1308 -3.18772e-05
0.1319 -3.12308e-05
0.133 -0.000201773
0.1341 -0.000373529
0.1352 -0.000407334
0.1363 -0.000304011
0.1374 -0.000140102
0.1385 9.55456e-06
0.1396 0.00016824
0.1407 0.000291436
0.1418 0.000419608
0.1429 0.000652173
0.144 0.00103523
0.1451 0.00149893
0.1462 0.00182507
0.1473 0.00217398
0.1484 0.00252562
0.1495 0.00274085
0.1506 0.00294812
0.1517 0.00328317
0.1528 0.00371849
0.1539 0.00414956
0.155 0.0045847
0.1561 0.00510064
0.1572 0.00564753
0.1583 0.00618452
0.1594 0.00682584
0.1605 0.00765323
0.1616 0.00863736
0.1627 0.00973146
0.1638 0.0108791
0.1649 0.0120552
0.166 0.0132192
0.1671 0.0143144
0.1682 0.0153504
0.1693 0.0163185
0.1704 0.0172623
0.1715 0.018186
0.1726 0.0189963
0.1737 0.0196868
0.1748 0.0203325
0.1759 0.0209121
0.177 0.0214415
0.1781 0.0219689
0.1792 0.0224916
0.1803 0.022963
0.1814 0.0233078
0.1825 0.0236116
0.1836 0.0239572
0.1847 0.0243904
0.1858 0.0249372
0.1869 0.0256252
0.188 0.0263504
0.1891 0.026984
0.1902 0.0276321
0.1913 0.0283083
0.1924 0.0290244
0.1935 0.029753
0.1946 0.0305035
0.1957 0.0312098
0.1968 0.0318053
0.1979 0.032254
0.199 0.0325776
0.2001 0.0328046
0.2012 0.0329535
0.2023 0.0330544
0.2034 0.0331201
0.2045 0.0331759
0.2056 0.0332165
0.2067 0.0332167
0.2078 0.0331547
0.2089 0.0330605
0.21 0.0329756
0.2111 0.0329279
0.2122 0.032893
0.2133 0.0328382
0.2144 0.032775
0.2155 0.032733
0.2166 0.0327195
0.2177 0.0327131
0.2188 0.0327712
0.2199 0.0329336
0.221 0.0330865
0.2221 0.0331882
0.2232 0.033281
0.2243 0.0333297
0.2254 0.0332758
0.2265 0.0331165
0.2276 0.0328892
0.2287 0.0326413
0.2298 0.0324115
0.2309 0.0321912
0.232 0.0319258
0.2331 0.0316379
0.2342 0.0313618
0.2353 0.0310866
0.2364 0.0307801
0.2375 0.0304655
0.2386 0.030175
0.2397 0.0299332
0.2408 0.0297283
0.2419 0.0295434
0.243 0.0293577
0.2441 0.0291276
0.2452 0.0288912
0.2463 0.0286695
0.2474 0.0285036
0.2485 0.0284105
0.2496 0.0283756
0.2507 0.0283597
0.2518 0.0282811
0.2529 0.0281458
0.254 0.0279405
0.2551 0.0276628
0.2562 0.0273337
0.2573 0.0270204
0.2584 0.0267218
0.2595 0.0264211
0.2606 0.0260775
0.2617 0.0256792
0.2628 0.0252716
0.2639 0.0248973
0.265 0.024553
0.2661 0.0242036
0.2672 0.0238343
0.2683 0.0235009
0.2694 0.0231982
0.2705 0.0228908
0.2716 0.0225989
0.2727 0.0223115
0.2738 0.0221009
0.2749 0.0219598
0.276 0.0218446
0.2771 0.0217589
0.2782 0.0217005
0.2793 0.0216434
0.2804 0.0215684
0.2815 0.0214493
0.2826 0.0213125
0.2837 0.0211425
0.2848 0.0209413
0.2859 0.0206793
0.287 0.0203728
0.2881 0.0200407
0.2892 0.0197033
0.2903 0.0193524
0.2914 0.0189987
0.2925 0.0186599
0.2936 0.018358
0.2947 0.0180854
0.2958 0.017807
0.29685 0.0175372
0.2979 0.0172852
0.299 0.0170312
0.3001 0.016813
0.3012 0.0166502
0.3023 0.0165226
0.3034 0.0164076
0.3045 0.0163313
0.3056 0.016309
0.3067 0.0163083
0.3078 0.0162905
0.3089 0.0162739
0.31 0.0162601
0.3111 0.0162392
0.3122 0.0161763
0.3133 0.0160506
0.3144 0.0158938
0.3155 0.0157173
0.3166 0.015516
0.3177 0.0152861
0.3188 0.0150478
0.3199 0.01483
0.321 0.01462
0.3221 0.0144019
0.3232 0.0141887
0.3243 0.0139958
0.3254 0.0138231
0.3265 0.0136627
0.3276 0.0135135
0.3287 0.0134013
0.3298 0.0133597
0.3309 0.0133487
0.332 0.0133587
0.3331 0.0133903
0.3342 0.0134549
0.3353 0.0135378
0.3364 0.0136144
0.3375 0.0136649
0.3386 0.013698
0.3397 0.0137189
0.3408 0.013714
0.3419 0.0136663
0.343 0.0135709
0.3441 0.0134351
0.3452 0.0132726
0.3463 0.0130894
0.3474 0.0129162
0.3485 0.0127427
0.3496 0.0125646
0.3507 0.0124135
0.3518 0.0122674
0.3529 0.0121548
0.354 0.0120648
0.3551 0.0119974
0.3562 0.0119514
0.3573 0.0119394
0.3584 0.0119545
0.3595 0.01199
0.3606 0.012042
0.3617 0.0121123
0.3628 0.0121838
0.3639 0.0122402
0.365 0.0123016
0.3661 0.0123647
0.3672 0.0124216
0.3683 0.0124537
0.3694 0.0124587
0.3705 0.012424
0.3716 0.0123388
0.3727 0.0122036
0.3738 0.0120711
0.3749 0.0119479
0.376 0.0118372
0.3771 0.0117159
0.3782 0.0115773
0.3793 0.0114466
0.3804 0.011344
0.3815 0.0112788
0.3826 0.0112549
0.3837 0.0112365
0.3848 0.0112191
0.3859 0.0112177
0.387 0.0112325
0.3881 0.0112596
0.3892 0.0113052
0.3903 0.0113759
0.3914 0.0114701
0.3925 0.0115596
0.3936 0.0116376
0.3947 0.0116968
0.3958 0.0117195
0.3969 0.0117056
0.398 0.011667
0.3991 0.0116093
0.4002 0.0115337
0.4013 0.0114305
0.4024 0.0113032
0.4035 0.0111514
0.4046 0.0109826
0.4057 0.0108183
0.4068 0.0106882
0.4079 0.0106046
0.409 0.0105365
0.4101 0.010473
0.4112 0.0104155
0.4123 0.0103772
0.4134 0.0103462
0.4145 0.0103395
0.4156 0.0103906
0.4167 0.0104621
0.4178 0.0105377
0.4189 0.0105937
0.42 0.010647
0.4211 0.0107061
0.4222 0.0107605
0.4233 0.0107984
0.4244 0.0108237
0.4255 0.0108431
0.4266 0.01082
0.4277 0.0107659
0.4288 0.0106899
0.4299 0.0105798
0.431 0.010437
0.4321 0.0102917
0.4332 0.0101595
0.4343 0.0100513
0.4354 0.00997467
0.4365 0.00993794
0.4376 0.00993904
0.4387 0.00994772
0.4398 0.00995235
0.4409 0.00997868
0.442 0.0100432
0.4431 0.0101382
0.4442 0.0102591
0.4453 0.0103967
0.4464 0.0105257
0.4475 0.0106314
0.4486 0.0107291
0.4497 0.0107916
0.4508 0.0108257
0.4519 0.0108451
0.453 0.0108491
0.4541 0.0108249
0.4552 0.010768
0.4563 0.0106788
0.4574 0.0105692
0.4585 0.0104175
0.4596 0.0102579
0.4607 0.0101162
0.4618 0.00999897
0.4629 0.00991076
0.464 0.00985713
0.4651 0.00983097
0.4662 0.0098222
0.4673 0.0098417
0.4684 0.00988781
0.4695 0.00994628
0.4706 0.0100328
0.4717 0.0101416
0.4728 0.0102663
0.4739 0.010388
0.475 0.0104897
0.4761 0.0105695
0.4772 0.0106272
0.4783 0.0106447
0.4794 0.010626
0.4805 0.0105807
0.4816 0.0105076
0.4827 0.0104202
0.4838 0.0103118
0.4849 0.0101801
0.486 0.0100379
0.4871 0.00989071
0.4882 0.00975678
0.4893 0.009647
0.4904 0.00954837
0.4915 0.00945142
0.4926 0.00937737
0.4937 0.0093415
0.4948 0.00933869
0.4959 0.00936804
0.497 0.00942591
0.4981 0.00951272
0.4992 0.00960657
0.5003 0.00969899
0.5014 0.00978962
0.5025 0.00987278
0.5036 0.00994807
0.5047 0.0100016
0.5058 0.010036
0.5069 0.0100463
0.508 0.0100282
0.5091 0.0099736
0.5102 0.00989192
0.5113 0.00978816
0.5124 0.00966777
0.5135 0.0095371
0.5146 0.00940366
0.5157 0.00927401
0.5168 0.00915014
0.5179 0.00903841
0.519 0.00895089
0.5201 0.00888496
0.5212 0.0088378
0.5223 0.00881156
0.5234 0.00881182
0.5245 0.00885681
0.5256 0.00893661
0.5267 0.00903775
0.5278 0.00908769
0.5289 0.00910404
0.53 0.00913001
0.5311 0.00916618
0.5322 0.00920408
0.5333 0.00925108
0.5344 0.00928177
0.5355 0.00927785
0.5366 0.00922137
0.5377 0.00912858
0.5388 0.0090259
0.5399 0.00891422
0.541 0.00880772
0.5421 0.00872038
0.5432 0.00864446
0.5443 0.00857308
0.5454 0.00849479
0.5465 0.00839992
0.5476 0.00831184
0.5487 0.00824606
0.5498 0.00821472
0.5509 0.00822078
0.552 0.00825907
0.5531 0.00832071
0.5542 0.00838184
0.5553 0.00842725
0.5564 0.00846885
0.5575 0.00851046
0.5586 0.00855663
0.5597 0.00860742
0.5608 0.00865477
0.5619 0.00868795
0.563 0.00868654
0.5641 0.00864221
0.5652 0.00858327
0.5663 0.0085151
0.5674 0.00844007
0.5685 0.00836247
0.5696 0.00829082
0.5707 0.00823279
0.5718 0.00817663
0.5729 0.00812079
0.574 0.00806588
0.5751 0.00802791
0.5762 0.00800584
0.5773 0.00801085
0.5784 0.00804512
0.5795 0.00810392
0.5806 0.00816378
0.58165 0.00822582
0.5827 0.00829192
0.5838 0.0083671
0.5849 0.00844321
0.586 0.00851487
0.5871 0.00858159
0.5882 0.00864402
0.5893 0.00869083
0.5904 0.00872263
0.5915 0.00874064
0.5926 0.00873171
0.5937 0.00865927
0.5948 0.00858808
0.5959 0.00860778
0.597 0.00879717
0.5981 0.00910044
0.5992 0.0094017
0.6003 0.00965443
0.6014 0.00983198
0.6025 0.00990985
0.6036 0.00993415
0.6047 0.00998052
0.6058 0.0100705
0.6069 0.0101633
0.608 0.0102086
0.6091 0.0101687
0.6102 0.0100031
0.6113 0.00978867
0.6124 0.0095209
0.6135 0.00923807
0.6146 0.00899355
0.6157 0.00879881
0.6168 0.00861007
0.6179 0.00838676
0.619 0.00812109
0.6201 0.0078678
0.6212 0.00766333
0.6223 0.00751608
0.6234 0.00742642
0.6245 0.00737835
0.6256 0.00732065
0.6267 0.00720678
0.6278 0.00703099
0.6289 0.00680765
0.63 0.00655148
0.6311 0.00627225
0.6322 0.00600016
0.6333 0.0056763
0.6344 0.00523375
0.6355 0.00474108
0.6366 0.00426393
0.6377 0.00385228
0.6388 0.00353307
0.6399 0.00332603
0.641 0.00319777
0.6421 0.00310899
0.6432 0.00303399
0.6443 0.00297669
0.6454 0.00295346
0.6465 0.0029875
0.6476 0.0030705
0.6487 0.00316446
0.6498 0.00324193
0.6509 0.00328301
0.652 0.00326922
0.6531 0.00318154
0.6542 0.00304918
0.6553 0.0028932
0.6564 0.00271675
0.6575 0.00252861
0.6586 0.00233795
0.6597 0.0021379
0.6608 0.00193496
0.6619 0.00174125
0.663 0.00157828
0.6641 0.00145423
0.6652 0.00138513
0.6663 0.00136648
0.6674 0.00138137
0.6685 0.0014194
0.6696 0.00144403
0.6707 0.00148722
0.6718 0.00153914
0.6729 0.00160536
0.674 0.00167936
0.6751 0.00174578
0.6762 0.00179666
0.6773 0.00182447
0.6784 0.00183083
0.6795 0.00183391
0.6806 0.00183709
0.6817 0.00183669
0.6828 0.00182223
0.6839 0.00180948
0.685 0.00179993
0.6861 0.00179015
0.6872 0.00178063
0.6883 0.00177931
0.6894 0.0017868
0.6905 0.0017991
0.6916 0.00182342
0.6927 0.00186161
0.6938 0.00191596
0.6949 0.00198514
0.696 0.00206541
0.6971 0.00215937
0.6982 0.00226267
0.6993 0.00236796
0.7004 0.00247497
0.7015 0.00256885
0.7026 0.002643
0.7037 0.00271989
0.7048 0.0028112
0.7059 0.00291028
0.707 0.00299996
0.7081 0.00307798
0.7092 0.00314366
0.7103 0.00320387
0.7114 0.00326879
0.7125 0.00333187
0.7136 0.00340025
0.7147 0.0034795
0.7158 0.00357441
0.7169 0.00368126
0.718 0.00378984
0.7191 0.00389473
0.7202 0.00399248
0.7213 0.00408503
0.7224 0.00417507
0.7235 0.00426588
0.7246 0.00434179
0.7257 0.00440507
0.7268 0.00445916
0.7279 0.00450851
0.729 0.00454854
0.7301 0.00458019
0.7312 0.00460631
0.7323 0.00463101
0.7334 0.00465273
0.7345 0.00466925
0.7356 0.00468048
0.7367 0.00468038
0.7378 0.00467465
0.7389 0.00467362
0.74 0.00468748
0.7411 0.00471405
0.7422 0.00473791
0.7433 0.0047586
0.7444 0.00477761
0.7455 0.00479136
0.7466 0.00479781
0.7477 0.00480933
0.7488 0.0048221
0.7499 0.00483516
0.751 0.00483417
0.7521 0.00482241
0.7532 0.00480742
0.7543 0.00479117
0.7554 0.00477627
0.7565 0.00476042
0.7576 0.00474821
0.7587 0.00473195
0.7598 0.00470971
0.7609 0.00468482
0.762 0.00465423
0.7631 0.00462037
0.7642 0.00457925
0.7653 0.00452247
0.7664 0.00446276
0.7675 0.00440347
0.7686 0.00434308
0.7697 0.00427942
0.7708 0.00420686
0.7719 0.00413317
0.773 0.00405321
0.7741 0.00396599
0.7752 0.00386675
0.7763 0.00376555
0.7774 0.00367203
0.7785 0.00358151
0.7796 0.00348412
0.78065 0.00339161
0.7817 0.00330241
0.7828 0.00319763
0.7839 0.00308603
0.785 0.00296905
0.7861 0.00285432
0.7872 0.0027398
0.7883 0.00262894
0.7894 0.00252819
0.7905 0.00243822
0.7916 0.00235369
0.7927 0.00226418
0.79375 0.00217531
0.7948 0.0020859
0.7959 0.00199328
0.797 0.00190305
0.7981 0.00180763
0.7992 0.00171408
0.800225 0.00162585
0.8013 0.00152812
0.80235 0.00142881
0.8034 0.0013229
0.8045 0.00121279
0.8056 0.00110736
0.8067 0.00101127
0.8078 0.000914775
0.8089 0.000805392
0.81 0.000702964
0.8111 0.000625654
0.8122 0.000557497
0.8133 0.000486846
0.8144 0.000420589
0.8155 0.000362488
0.8166 0.000303889
0.8177 0.000240499
0.8188 0.000176939
0.8199 0.000109249
0.821 3.45803e-05
0.8221 -3.87759e-05
0.8232 -0.000108817
0.8243 -0.000178017
0.8254 -0.000250358
0.8265 -0.000321129
0.8276 -0.000386401
0.8287 -0.000446309
0.8298 -0.000502619
0.8309 -0.000551991
0.832 -0.000592233
0.8331 -0.000631119
0.8342 -0.000673952
0.8353 -0.000714004
0.8364 -0.000738541
0.8375 -0.000744559
0.8386 -0.000729947
0.8397 -0.000707735
0.8408 -0.000690803
0.8419 -0.000685883
0.843 -0.000686336
0.8441 -0.000683358
0.8452 -0.000671475
0.8463 -0.000654347
0.8474 -0.000629965
0.8485 -0.000610374
0.8496 -0.000598222
0.8507 -0.000583197
0.8518 -0.000557218
0.8529 -0.000518552
0.854 -0.000474519
0.8551 -0.000421318
0.8562 -0.000353253
0.8573 -0.00027082
0.8584 -0.000176535
0.8595 -7.4035e-05
0.8606 3.33404e-05
0.8617 0.000138228
0.8628 0.000237547
0.8639 0.000333828
0.865 0.000429357
0.8661 0.000524595
0.8672 0.000620622
0.8683 0.000714972
0.8694 0.000799588
0.8705 0.000869881
0.8716 0.000930357
0.8727 0.000984938
0.8738 0.00103043
0.8749 0.00107894
0.876 0.00113754
0.8771 0.00120216
0.8782 0.00126547
0.8793 0.00133034
0.8804 0.001402
0.8815 0.00147484
0.8826 0.00154776
0.8837 0.00163322
0.8848 0.00172978
0.8859 0.00182083
0.887 0.00190478
0.8881 0.00198664
0.8892 0.00206625
0.8903 0.00214346
0.8914 0.00221901
0.8925 0.0022939
0.8936 0.00235316
0.8947 0.00239337
0.8958 0.00241892
0.8969 0.0024321
0.898 0.00243745
0.8991 0.00243633
0.9002 0.00243365
0.9013 0.00242856
0.9024 0.00242157
0.9035 0.00241294
0.90455 0.00240636
0.9056 0.00239969
0.9067 0.00239274
0.9078 0.002392
0.9089 0.0023919
0.91 0.00238872
0.9111 0.00238124
0.9122 0.00237265
0.9133 0.00236426
0.9144 0.00235298
0.9155 0.00234274
0.9166 0.00232458
0.9177 0.00229304
0.9188 0.00224973
0.9199 0.00219722
0.921 0.00213285
0.9221 0.00205735
0.9232 0.00197688
0.92425 0.00189855
0.9253 0.00181626
0.9264 0.00172411
0.9275 0.00162948
0.9286 0.00153717
0.9297 0.00144887
0.9308 0.00136289
0.9319 0.00128174
0.933 0.00120586
0.9341 0.00113206
0.9352 0.00106097
0.9363 0.000998506
0.9374 0.000940115
0.9385 0.000881297
0.9396 0.00081861
0.9407 0.0007473
0.9418 0.000670433
0.9429 0.000592436
0.944 0.000514563
0.9451 0.000433296
0.9462 0.000346766
0.9473 0.000255116
0.9484 0.000158003
0.9495 5.27937e-05
0.9506 -5.4198e-05
0.9517 -0.000154483
0.9528 -0.000243319
0.9539 -0.000323593
0.955 -0.000395132
0.9561 -0.000457931
0.9572 -0.000514484
0.9583 -0.000564943
0.9594 -0.0006059
0.9605 -0.000635965
0.9616 -0.000663947
0.9627 -0.000689978
0.9638 -0.000709127
0.9649 -0.000721708
0.966 -0.000734245
0.9671 -0.000752078
0.9682 -0.000767277
0.9693 -0.000791539
0.9704 -0.000790888
0.9715 -0.000755949
0.9726 -0.000715225
0.9737 -0.000700781
0.9748 -0.000720462
0.9759 -0.000764244
0.977 -0.00081707
0.9781 -0.000879622
0.9792 -0.000945108
0.980225 -0.00100962
0.9813 -0.00107106
0.9824 -0.00114562
0.9835 -0.00123533
0.9846 -0.00133053
0.98565 -0.00139713
0.986662 -0.00144005
0.9877 -0.0014823
0.9888 -0.00153543
0.9899 -0.00160275
0.99095 -0.00167877
0.992 -0.00176942
0.99305 -0.00186555
0.9941 -0.00194903
0.9952 -0.00202108
0.9963 -0.00208335
0.99735 -0.00213988
0.9984 -0.00220088
0.9995 -0.00227218
