0 0 0
0.001 0 0
0.002 0 0
0.0031 0 0
0.0042 0 0
0.0052 0 0
0.0062 0 0
0.0072 0 0
0.0082 0 0
0.0093 0 0
0.0104 0 0
0.0115 0 0
0.0126 0 0
0.0137 0 0
0.0148 0 0
0.0159 0 0
0.017 0 0
0.0181 0 0
0.0192 0 0
0.0203 0 0
0.0214 0 0
0.0225 0 0
0.0236 0 0
0.0247 0 0
0.0258 0 0
0.0269 0 0
0.028 0 0
0.0291 0 0
0.0302 0 0
0.0313 0 0
0.0323 0 0
0.0333 0 0
0.0343 0 0
0.0353 0 0
0.0363 0 0
0.0373 0 0
0.0383 0 0
0.0393 0 0
0.0403 0 0
0.0413 0 0
0.0423 0 0
0.0433 0 0
0.0443 0 0
0.0453 0 0
0.0463 0 0
0.0473 0 0
0.0483 0 0
0.0493 0 0
0.0503 0 0
0.0513 0 0
0.0523 0 0
0.0533 0 0
0.0543 0 0
0.0553 0 0
0.0563 0 0
0.0573 0 0
0.0583 0 0
0.0593 0 0
0.0603 0 0
0.0613 0 0
0.0623 0 0
0.0633 0 0
0.0643 0 0
0.0653 0 0
0.0663 0 0
0.0673 0 0
0.0683 0 0
0.0693 0 0
0.0703 0 0
0.0713 0 0
0.0723 0 0
0.0733 0 0
0.0743 0 0
0.0753 0 0
0.0763 0 0
0.0773 0 0
0.0783 0 0
0.0793 0 0
0.0803 0 0
0.0813 0 0
0.0823 0 0
0.0833 0 0
0.0843 0 0
0.0853 0 0
0.0863 0 0
0.0873 0 0
0.0883 0 0
0.0893 0 0
0.0903 0 0
0.0913 0 0
0.0923 0 0
0.0933 0 0
0.0943 0 0
0.0953 0 0
0.0963 0 0
0.0973 0 0
0.0983 0 0
0.0993 0 0
0.1003 0 0
0.1013 0 0
0.1023 0 0
0.1033 0 0
0.1043 0 0
0.1053 0 0
0.1063 0 0
0.1073 0 0
0.1083 0 0
0.1093 0 0
0.1103 0 0
0.1113 0 0
0.1123 0 0
0.1133 0 0
0.1143 0 0
0.1153 0 0
0.1163 0 0
0.1173 0 0
0.1183 0 0
0.1193 0 0
0.1203 0 0
0.1213 0 0
0.1223 0 0
0.1233 -0.000279107 -5.9932e-06
0.1243 -0.029843 -0.00738033
0.1253 0.0521907 -0.0225432
0.1264 0.0131642 0.0357429
0.1275 -0.0464999 -0.00508406
0.1286 0.0275675 -0.00696473
0.1297 -0.0311617 -0.00730102
0.1308 -0.0339945 -0.00747337
0.1319 0.216652 -0.015725
0.133 0.00868527 0.0717573
0.1341 -0.131152 -0.0167574
0.1352 -0.121655 -0.0204742
0.1363 -0.0681645 -0.0200198
0.1374 0.0282297 0.0328621
0.1385 -0.0195429 -0.00450471
0.1396 0.0389666 -0.0160719
0.1407 0.00174014 -0.0100338
0.1418 -0.0888888 0.0014129
0.1429 -0.14437 0.00846187
0.144 -0.118306 -0.0303455
0.1451 0.128247 -0.00547158
0.1462 -0.0366339 -0.177183
0.1473 -0.026961 -0.135789
0.1484 0.161279 0.00828993
0.1495 0.0441842 0.121228
0.1506 -0.11692 0.0120206
0.1517 -0.101165 0.0283058
0.1528 -0.0013765 -0.0645996
0.1539 -0.0358217 -0.0331396
0.155 -0.114613 0.0244734
0.1561 -0.00885512 -0.0740575
0.1572 0.000862193 -0.0428246
0.1583 -0.0898648 0.0128097
0.1594 -0.174121 -0.0148962
0.1605 -0.175022 0.0076221
0.1616 -0.107025 0.0229447
0.1627 -0.0807303 0.0149461
0.1638 -0.0191642 0.00701406
0.1649 0.0156456 0.0176639
0.166 0.0601004 -0.0157687
0.1671 0.013477 -0.000702594
0.1682 0.0784303 -0.00681334
0.1693 0.0188438 0.0347202
0.1704 0.00928803 0.0194837
0.1715 0.109819 -0.0303487
0.1726 0.136292 -0.040169
0.1737 0.0326198 -0.0178097
0.1748 0.0818364 -0.0440248
0.1759 0.0545239 -0.0228045
0.177 0.00293482 -0.0265102
0.1781 0.00325365 0.0152618
0.1792 0.0242867 -0.0370037
0.1803 0.245661 -0.177015
0.1814 0.0304348 0.0518387
0.1825 -0.0194395 0.0121708
0.1836 -0.0787541 0.0651242
0.1847 -0.0933592 0.0893528
0.1858 -0.126107 0.103325
0.1869 -0.0644972 0.061349
0.188 0.136465 -0.0571945
0.1891 0.0465366 0.10124
0.1902 -0.0129606 0.0107334
0.1913 -0.0451622 0.0323335
0.1924 -0.00973994 0.0181079
0.1935 -0.0603119 0.0599318
0.1946 0.00734643 0.0321352
0.1957 0.117265 -0.0678741
0.1968 0.149071 -0.145737
0.1979 0.112099 -0.102039
0.199 0.101203 -0.0904502
0.2001 0.0936297 -0.0650368
0.2012 0.0509047 -0.0605057
0.2023 0.0340017 -0.0490116
0.2034 0.0328663 -0.0333637
0.2045 0.00587805 -0.0298397
0.2056 0.0426882 -0.0695714
0.2067 0.0799219 -0.0604229
0.2078 0.057267 0.00138086
0.2089 0.06008 0.0755764
0.21 0.0374352 0.0363567
0.2111 0.0800583 0.139263
0.2122 0.0312494 0.0273858
0.2133 0.0362014 0.0065011
0.2144 0.050634 0.0364641
0.2155 -0.0399485 -0.000448848
0.2166 0.0359813 -0.0216024
0.2177 -0.0408294 0.0347741
0.2188 -0.137024 0.107879
0.2199 0.00329898 -0.0663792
0.221 0.0806666 -0.00753777
0.2221 0.0123552 0.0502986
0.2232 0.0537331 0.0117096
0.2243 0.0931344 -0.121766
0.2254 0.151737 -0.0722447
0.2265 0.0878202 -0.0198356
0.2276 0.0269097 0.00611177
0.2287 0.0120517 0.00424003
0.2298 0.0128814 -0.0092205
0.2309 0.0573754 -0.0586031
0.232 0.0324264 -0.00265013
0.2331 0.0176094 -0.0558671
0.2342 0.068503 -0.0292596
0.2353 0.104154 -0.019859
0.2364 0.12868 0.12764
0.2375 0.105586 0.144107
0.2386 -0.0349198 0.0782204
0.2397 -0.00984759 0.0626112
0.2408 -0.0245945 0.0902546
0.2419 -0.00386064 0.0437317
0.243 0.0618989 -0.0219008
0.2441 0.0577157 -0.0336863
0.2452 -0.000182272 -0.0197638
0.2463 -0.0661816 0.0197731
0.2474 -0.050472 0.0410717
0.2485 -0.0551962 0.0170264
0.2496 -0.0264537 0.00828244
0.2507 0.056919 -0.0347882
0.2518 0.0986702 -0.0282321
0.2529 0.0801532 -0.0330638
0.254 0.0903682 -0.044011
0.2551 0.0608114 0.0168609
0.2562 0.0538962 0.0253651
0.2573 0.00954149 0.0310122
0.2584 -0.0256624 -0.0128984
0.2595 0.0652824 -0.0470494
0.2606 0.0906006 -0.0746091
0.2617 0.0397779 -0.0275118
0.2628 -0.00808803 0.00143418
0.2639 -0.00335851 0.00264785
0.265 -0.0189457 0.030424
0.2661 0.0442366 0.0021116
0.2672 -0.0198598 0.0766922
0.2683 -0.0431753 0.0483586
0.2694 -0.0153322 0.0278179
0.2705 0.0548122 0.0568969
0.2716 -0.0260119 0.0123482
0.2727 -0.0854424 0.0458001
0.2738 -0.0540286 0.0134696
0.2749 -0.0246823 -0.0128407
0.276 -0.0334301 0.0114103
0.2771 -0.0107553 0.00440391
0.2782 0.00531225 -0.0147314
0.2793 0.00525503 -0.0211274
0.2804 0.0502259 -0.00915676
0.2815 0.0200263 0.0254145
0.2826 0.0433867 0.0174603
0.2837 0.0267414 0.0239249
0.2848 0.0677065 -0.00716466
0.2859 0.0674919 0.0165741
0.287 0.047727 -0.00726025
0.2881 0.0361876 0.0359706
0.2892 -0.00593245 -0.0599209
0.2903 -0.00789708 0.0106278
0.2914 0.00670779 -0.00440424
0.2925 -0.0541117 0.0396242
0.2936 -0.0346636 0.00333458
0.2947 0.0107845 0.00628447
0.2958 -0.0263919 0.0259851
0.29685 -0.023299 0.0500116
0.2979 0.00271916 0.049692
0.299 -0.0436725 0.0420682
0.3001 -0.0482737 0.0722976
0.3012 -0.0578634 0.0204911
0.3023 0.0203542 0.0302268
0.3034 -0.0141153 -0.0245995
0.3045 -0.0703139 0.0246345
0.3056 -0.0280145 -0.0413418
0.3067 0.0305153 -0.0254672
0.3078 0.01971 -0.0164963
0.3089 -8.61275e-05 0.00388882
0.31 -0.00183317 0.0162856
0.3111 0.0395139 0.0144623
0.3122 0.0816234 -0.00155985
0.3133 0.0261086 0.0366846
0.3144 0.0366764 0.020292
0.3155 0.0440228 0.0193922
0.3166 0.0298683 -0.0233291
0.3177 0.109011 0.0604019
0.3188 -0.00186905 9.51719e-05
0.3199 0.0143357 -0.00614899
0.321 0.00911091 -0.00451988
0.3221 0.0279437 -0.0285929
0.3232 0.00119981 0.0228404
0.3243 -0.00977697 0.0193009
0.3254 -0.0291217 0.0302354
0.3265 -0.0149133 0.0204613
0.3276 -0.0323651 0.030999
0.3287 -0.0450578 0.0336575
0.3298 -0.0134509 0.0163925
0.3309 -0.0116157 0.00469341
0.332 -0.0265685 -0.00212946
0.3331 -0.0259695 0.0341443
0.3342 -0.00810338 0.0102621
0.3353 0.0017471 -0.0103571
0.3364 0.0297279 -0.00714398
0.3375 0.011985 -0.0130206
0.3386 0.0125954 0.0118107
0.3397 0.0352363 0.0247794
0.3408 0.0492304 0.0169411
0.3419 0.0663373 0.0182822
0.343 0.0443068 0.00506595
0.3441 0.0225712 -0.00140123
0.3452 0.068586 0.0251571
0.3463 0.0122029 0.0241657
0.3474 0.00816886 -0.0119709
0.3485 0.00492541 -0.011979
0.3496 -0.0082573 0.0312686
0.3507 0.00393842 -0.0199042
0.3518 -0.0107432 0.0126473
0.3529 -0.0128081 0.0257448
0.354 -0.0245235 0.0211152
0.3551 -0.0185078 0.0216579
0.3562 -0.0316751 0.0224941
0.3573 -0.0291885 0.0293768
0.3584 -0.0200085 0.0197864
0.3595 -0.000329675 -0.00454316
0.3606 -0.0186479 -0.00260421
0.3617 -0.00294833 -0.010572
0.3628 0.0292715 -0.0153181
0.3639 -0.00271081 -0.00797906
0.365 -0.00122114 -0.00673473
0.3661 0.00862285 0.00111441
0.3672 0.00652549 0.0311026
0.3683 0.0381547 0.0281184
0.3694 0.0372693 0.000626452
0.3705 0.04106 0.00435345
0.3716 0.0481694 0.00585506
0.3727 0.0106414 0.0185182
0.3738 -0.0169767 0.0106859
0.3749 0.00485536 0.00260396
0.376 0.0161646 0.0104272
0.3771 0.0226862 0.00729911
0.3782 -0.00557504 -0.00124137
0.3793 -0.0149857 0.000379498
0.3804 -0.0290787 0.0119248
0.3815 -0.0525317 0.0245793
0.3826 0.00219124 0.0260097
0.3837 0.0107504 0.0156343
0.3848 -0.00836704 0.010156
0.3859 -0.022377 0.0138216
0.387 0.000344409 0.0031279
0.3881 -0.02097 -0.00223233
0.3892 -0.0322853 -0.00327573
0.3903 -0.0364154 -0.00799052
0.3914 0.000235262 -0.0153488
0.3925 0.00804851 -0.0174552
0.3936 0.0445686 -0.00131529
0.3947 0.0532157 -0.00976035
0.3958 0.0497878 -0.00675865
0.3969 0.0329541 0.0067863
0.398 0.0334206 0.0121566
0.3991 0.0276595 0.0127384
0.4002 0.0354255 -0.00218375
0.4013 0.0212983 -0.00483127
0.4024 0.0274218 -0.0118025
0.4035 0.0218407 -0.0117662
0.4046 0.00428346 -0.00998583
0.4057 -0.0107998 0.024751
0.4068 -0.0450218 0.0531537
0.4079 -0.0203062 0.00358738
0.409 -0.0210557 0.0420919
0.4101 -0.00746355 0.0106426
0.4112 -0.0238482 0.0210209
0.4123 -0.0051342 0.0212683
0.4134 -0.00883669 0.0109708
0.4145 -0.0199423 0.00977367
0.4156 -0.0286002 0.0139474
0.4167 -0.00687047 -0.00699815
0.4178 0.0301354 -0.0260991
0.4189 0.00345287 -0.0154077
0.42 -0.000225304 0.000209983
0.4211 0.02249 -0.00970987
0.4222 0.0256644 0.00785816
0.4233 0.0197845 -0.0171022
0.4244 0.00756893 0.0185044
0.4255 0.0554207 0.00596138
0.4266 0.0316687 0.011129
0.4277 0.0218787 0.00974272
0.4288 0.0422224 -0.011102
0.4299 0.0470948 -0.00540692
0.431 0.00890032 0.0148505
0.4321 0.0062744 -0.00478487
0.4332 -0.032059 -0.00904143
0.4343 -0.0243231 -0.000624862
0.4354 -0.032302 0.0165794
0.4365 -0.0322059 0.00658937
0.4376 -0.0124403 0.011589
0.4387 0.0104847 0.0142233
0.4398 -0.0142444 0.0165069
0.4409 -0.036803 0.0247745
0.442 -0.0218566 0.0271797
0.4431 -0.0229201 0.0185253
0.4442 -0.0193839 0.0122463
0.4453 0.00538021 0.00579596
0.4464 0.0163225 -0.00559817
0.4475 0.0261776 -0.00221378
0.4486 0.0658165 -0.00815927
0.4497 0.0482977 -0.00937709
0.4508 0.043375 0.00966966
0.4519 0.0409583 0.0168127
0.453 0.0284834 -0.0030431
0.4541 0.0308843 0.00188385
0.4552 0.032837 -0.00162886
0.4563 0.0363091 0.0368917
0.4574 0.0499795 0.0012974
0.4585 0.0216903 0.0122096
0.4596 -0.00851841 0.0097465
0.4607 -0.0201755 0.00414207
0.4618 -0.0318219 0.00452825
0.4629 -0.0434962 0.00895347
0.464 -0.0323857 0.0057614
0.4651 -0.0202219 0.00293768
0.4662 -0.0097455 0.00485881
0.4673 0.00536107 0.0174011
0.4684 0.0016908 0.0208487
0.4695 -0.0683281 0.125879
0.4706 -0.0174121 0.00552073
0.4717 -0.0155955 0.00656028
0.4728 -2.29823e-05 0.00307435
0.4739 0.0200755 -0.00230489
0.475 0.0279109 0.00190844
0.4761 0.0192961 -0.00397347
0.4772 0.0499809 -0.0124908
0.4783 0.0377744 -0.0189523
0.4794 0.0210404 0.000782636
0.4805 0.0324001 -0.00350484
0.4816 0.0227123 0.00147667
0.4827 0.0469455 0.0138533
0.4838 0.0191992 0.0159119
0.4849 0.024196 0.00650244
0.486 0.0176703 0.00376158
0.4871 -0.00272961 0.0040267
0.4882 -0.0258569 0.0105427
0.4893 -0.0198747 0.00573916
0.4904 0.00369525 0.00281789
0.4915 -0.0153135 0.0136954
0.4926 -0.048975 0.0645402
0.4937 -0.0330772 0.0230661
0.4948 -0.0179577 0.00834798
0.4959 -0.0218951 0.017741
0.497 -0.0178192 0.0125748
0.4981 -0.00580644 0.00774696
0.4992 0.0116102 -0.000985359
0.5003 0.00615355 0.00477728
0.5014 0.00658507 -0.00646412
0.5025 0.0209626 -0.00657896
0.5036 0.025845 -0.000810978
0.5047 0.023811 0.000235051
0.5058 0.0293183 -0.00403828
0.5069 0.0328295 0.00950788
0.508 0.0512154 -0.00143968
0.5091 0.0276333 0.00380327
0.5102 0.0322795 -0.00104249
0.5113 0.0234932 0.0023498
0.5124 0.019076 0.000339904
0.5135 0.0152471 0.010542
0.5146 0.00229682 0.00781176
0.5157 0.00199132 0.00443218
0.5168 -0.00377896 0.00928612
0.5179 -0.0227203 0.0446783
0.519 -0.0135547 0.0198507
0.5201 -0.0181182 0.0112543
0.5212 -0.01793 0.00648384
0.5223 -0.0254953 0.00964229
0.5234 -0.0358596 0.0133663
0.5245 -0.0299609 0.0157225
0.5256 -0.0338653 0.00720752
0.5267 0.0768214 -0.0146967
0.5278 0.055215 0.000821414
0.5289 -0.00413372 0.00716456
0.53 -0.00661429 0.00306933
0.5311 0.00828156 0.00780752
0.5322 0.00101075 0.009324
0.5333 0.0215124 0.00229984
0.5344 0.0384661 -0.00677984
0.5355 0.0582064 -0.0173796
0.5366 0.0399023 0.00568961
0.5377 0.0152137 0.012096
0.5388 0.0190065 0.00292909
0.5399 0.00772713 0.00489688
0.541 -0.018443 0.00762164
0.5421 0.00196659 0.0166635
0.5432 0.00344045 0.00626767
0.5443 0.0154356 0.000137489
0.5454 0.0246832 0.000385434
0.5465 -0.000772168 0.0080312
0.5476 -0.0205272 0.0121689
0.5487 -0.0331979 0.0191925
0.5498 -0.0429588 0.0161779
0.5509 -0.012895 0.00851993
0.552 -0.0202094 0.0103216
0.5531 0.00921782 -0.00211724
0.5542 0.0254839 -0.00613594
0.5553 0.0124183 -0.00698967
0.5564 0.00752042 0.00249882
0.5575 -0.00048879 0.0030413
0.5586 0.00135343 0.000644152
0.5597 0.00744212 -0.00227728
0.5608 0.0142644 0.000914304
0.5619 0.0426056 -0.00175418
0.563 0.0505899 -0.0113937
0.5641 0.0369693 -0.0083661
0.5652 0.0205511 -0.000394158
0.5663 0.0130843 0.00990168
0.5674 0.021836 0.0109528
0.5685 0.00604015 0.00320077
0.5696 -0.00710177 0.00426875
0.5707 0.00857407 -0.000309315
0.5718 0.00679648 0.000865923
0.5729 0.00665621 0.004181
0.574 -0.0150603 0.010021
0.5751 -0.0155733 0.0100702
0.5762 -0.0229799 0.00956171
0.5773 -0.0229122 0.0077543
0.5784 -0.0323924 0.0117951
0.5795 0.000703816 0.00463762
0.5806 -0.0044407 0.00485765
0.58165 0.00822414 0.00261593
0.5827 -0.00482249 0.00753963
0.5838 0.00364547 -0.000772804
0.5849 0.0184648 -0.00230263
0.586 0.011797 0.000393146
0.5871 0.00850319 0.00137091
0.5882 0.0206572 -6.51797e-05
0.5893 0.0234276 0.00322587
0.5904 0.0319609 -0.000703316
0.5915 0.00244813 -0.0175394
0.5926 0.104165 -0.0506587
0.5937 0.0309906 0.0612539
0.5948 -0.0640929 0.0336542
0.5959 -0.192639 0.0396066
0.597 -0.123226 0.0683874
0.5981 -0.0028981 0.029192
0.5992 0.0536534 -0.00182517
0.6003 0.0822617 0.0165544
0.6014 0.121214 -0.0264313
0.6025 0.0824697 -0.0403239
0.6036 -0.00691761 -0.00898901
0.6047 -0.0418916 -0.00325548
0.6058 0.00221056 -0.00715836
0.6069 0.0569784 -0.030799
0.608 0.101879 -0.0364009
0.6091 0.207475 -0.0763557
0.6102 0.0591825 -0.00519145
0.6113 0.0851931 -0.000393289
0.6124 0.026109 0.0223709
0.6135 -0.0214477 0.061995
0.6146 -0.0477669 0.0221952
0.6157 -0.00822902 0.0352685
0.6168 0.0306511 -0.0402743
0.6179 0.00672605 0.0606304
0.619 -0.0187344 -0.0136914
0.6201 -0.0453672 -0.00955798
0.6212 -0.0394571 -0.002461
0.6223 -0.0650516 0.00568457
0.6234 -0.0567358 -0.0181302
0.6245 0.0130993 0.0253725
0.6256 0.0528772 -0.0452701
0.6267 0.0758028 -0.000121476
0.6278 0.0546096 -0.00870495
0.6289 0.0545674 0.00479688
0.63 0.0330219 0.00429452
0.6311 0.00669416 -0.00872053
0.6322 0.0399868 -0.0332506
0.6333 0.149522 0.021551
0.6344 0.0638622 -0.0262208
0.6355 -0.00458822 -0.0155362
0.6366 -0.0741799 -0.00315195
0.6377 -0.079359 0.0134587
0.6388 -0.120881 0.0231444
0.6399 -0.0784011 0.0095915
0.641 -0.0416938 0.0113316
0.6421 -0.0141568 0.026369
0.6432 -0.0186224 0.0140643
0.6443 -0.0347832 0.00768011
0.6454 -0.0535376 -0.0141309
0.6465 -0.0578473 -0.0124304
0.6476 -0.0027357 -0.00668302
0.6487 0.0215204 0.000291838
0.6498 0.0446782 -0.0338011
0.6509 0.0616796 -0.0329919
0.652 0.0902211 -0.00211138
0.6531 0.0490278 -0.00185882
0.6542 0.027547 0.016483
0.6553 0.0171377 0.0152841
0.6564 0.012708 0.0216904
0.6575 0.00124766 0.0190232
0.6586 0.0142738 0.0104003
0.6597 -0.0052538 -0.000260658
0.6608 0.00220556 0.00230314
0.6619 -0.0119668 -0.0149291
0.663 -0.0339266 -0.000255137
0.6641 -0.0597288 -0.0165492
0.6652 -0.0552787 -0.00753687
0.6663 -0.0323503 0.0126303
0.6674 -0.0487054 0.00513473
0.6685 -0.0581492 0.135297
0.6696 -0.030325 -0.0133864
0.6707 -0.0152749 0.00601353
0.6718 -0.0261622 0.0170152
0.6729 -0.011101 0.0159477
0.674 0.00293106 -0.00142231
0.6751 0.0108467 -0.00578979
0.6762 0.0266533 0.00278453
0.6773 0.0278727 0.000404468
0.6784 0.00314637 0.00531148
0.6795 -0.00443271 0.011647
0.6806 0.00698633 -0.00724664
0.6817 0.0266674 -0.00549042
0.6828 0.00266085 0.00987944
0.6839 -0.0040371 0.00579876
0.685 0.000648537 -0.00483454
0.6861 0.00750178 0.0064019
0.6872 -0.0087541 0.0037301
0.6883 -0.0141584 0.00390971
0.6894 -0.000470249 -0.000121234
0.6905 -0.0143673 0.00192562
0.6916 -0.0174423 -0.00679818
0.6927 -0.0229191 -0.00175675
0.6938 -0.0146652 -0.0060377
0.6949 -0.00696034 -0.00167246
0.696 -0.0140095 -0.00161641
0.6971 -0.0107609 0.00221132
0.6982 -0.00446732 -0.00419152
0.6993 -0.00164959 -0.00564982
0.7004 0.0181531 -0.00298101
0.7015 0.0312488 -0.0177327
0.7026 0.0103271 0.00418885
0.7037 -0.0169842 -0.00606474
0.7048 -0.0147132 -0.0128888
0.7059 0.0140547 -0.00405467
0.707 0.0144365 -0.0109698
0.7081 0.0152518 -0.0091229
0.7092 0.0160053 -0.013834
0.7103 -0.00565854 -0.00557792
0.7114 0.00430768 -0.00845131
0.7125 -0.00116003 -0.00585135
0.7136 -0.0130388 -0.000543398
0.7147 -0.0200678 0.00150641
0.7158 -0.0181908 0.00601876
0.7169 -0.00580564 0.00975769
0.718 0.00697516 -0.000308348
0.7191 0.00949763 0.00517886
0.7202 0.00711065 -0.00444523
0.7213 0.00608512 -0.00268012
0.7224 -0.00624845 -0.00226386
0.7235 0.0204328 -0.00112936
0.7246 0.0192792 -0.0105854
0.7257 0.011818 0.00500931
0.7268 0.00355602 -0.00851824
0.7279 0.0110524 -0.00891865
0.729 0.0115967 0.00472954
0.7301 0.0110236 -0.000678932
0.7312 0.00391883 0.00012865
0.7323 0.00383134 0.00109013
0.7334 0.00839034 -0.000483959
0.7345 0.00552443 -0.0063692
0.7356 0.0175007 -0.00289875
0.7367 0.0123425 -0.00234365
0.7378 -0.00177309 -0.00070515
0.7389 -0.0182886 -0.00921908
0.74 -0.0162651 -0.00623215
0.7411 0.00600978 -0.0107523
0.7422 0.00588294 -0.00528595
0.7433 0.00354882 -0.000652412
0.7444 0.00690546 -0.0162352
0.7455 0.015116 0.00232124
0.7466 -0.00508407 0.00263841
0.7477 0.00538907 -0.00163005
0.7488 -0.00133741 -0.000776636
0.7499 0.0206847 -0.00260191
0.751 0.0135508 -0.000619065
0.7521 0.00188776 -0.000499483
0.7532 0.0060416 -0.0166051
0.7543 -0.00257917 0.00371564
0.7554 0.0014695 -0.00570866
0.7565 -0.00481107 -0.0070394
0.7576 0.00189849 -0.00580146
0.7587 0.00264483 -0.0175256
0.7598 -0.000107496 -0.0231254
0.7609 0.00626564 -0.00141865
0.762 0.00332618 0.000837912
0.7631 0.00453689 0.00373353
0.7642 0.0185175 0.00297018
0.7653 0.00192426 0.00376243
0.7664 0.000561264 0.00173337
0.7675 0.00172087 -0.00307022
0.7686 0.000264319 0.00155824
0.7697 0.0118779 -0.00501347
0.7708 -0.000747645 -0.00456001
0.7719 0.00424549 -0.000309217
0.773 0.00462851 -0.00645636
0.7741 0.0118001 -0.00266125
0.7752 0.00359704 0.000787591
0.7763 -0.0078722 -0.00106729
0.7774 -0.00303379 0.00572776
0.7785 0.00825966 0.00140737
0.7796 0.00127485 0.0037036
0.78065 -0.00562102 0.00154139
0.7817 0.0109676 -0.0016354
0.7828 0.00712237 0.000779666
0.7839 0.00469413 -0.00395834
0.785 -0.00353478 -2.57086e-05
0.7861 0.000152437 -0.00341119
0.7872 -0.00292332 -0.00389253
0.7883 -0.00942983 0.00269075
0.7894 -0.0081704 -3.5074e-05
0.7905 -0.00835606 0.000697657
0.7916 0.00458557 0.0020054
0.7927 0.00532695 -0.00152004
0.79375 -0.000775472 0.00475297
0.7948 0.002211 0.00118166
0.7959 -0.00627548 0.00183576
0.797 0.00656988 -0.00225077
0.7981 -0.00197689 0.000669405
0.7992 0.00175922 -0.00147129
0.800225 0.0081275 -0.00317619
0.8013 -0.000464143 -3.26444e-05
0.80235 0.00908872 -0.0026386
0.8034 -0.00166989 0.000937595
0.8045 -0.00212196 0.00155683
0.8056 -0.0102062 0.000979135
0.8067 1.84173e-05 0.00096727
0.8078 0.013851 -0.0027119
0.8089 -0.00752911 -0.000939697
0.81 -0.0241684 0.0100761
0.8111 -0.00812512 0.00510933
0.8122 0.001649 -0.00339113
0.8133 -0.00341401 -0.00346979
0.8144 -0.0102105 0.000547004
0.8155 0.00029102 -0.00233346
0.8166 0.00633995 -0.00467493
0.8177 -0.000346387 -0.00801787
0.8188 0.0030826 0.00336166
0.8199 0.00803323 -0.000745168
0.821 -0.00280854 0.001426
0.8221 -0.00232207 0.00373689
0.8232 -0.00157142 0.000456138
0.8243 0.00414349 0.00302082
0.8254 -0.00111777 0.00573492
0.8265 -0.00588008 -0.00155345
0.8276 -0.00552618 -0.00340564
0.8287 -0.00167271 0.00359827
0.8298 -0.00731879 -0.00663785
0.8309 -0.0115995 -0.0033915
0.832 -0.00170765 -0.000166748
0.8331 0.00436889 -0.00332905
0.8342 -0.000477427 0.00164682
0.8353 -0.0149818 0.00549193
0.8364 -0.0179023 -0.00598643
0.8375 -0.0186955 0.00500604
0.8386 -0.006622 0.00118643
0.8397 0.00429664 0.00591716
0.8408 0.0114847 0.0023441
0.8419 0.00539318 -0.00357124
0.843 -0.00171532 -0.000447635
0.8441 -0.00967888 -0.00222058
0.8452 -0.00314533 -0.00136127
0.8463 -0.0110814 -0.00575729
0.8474 0.00518937 -0.00128522
0.8485 0.00835475 -0.000539124
0.8496 -0.00211621 0.00237946
0.8507 -0.00850987 0.00127105
0.8518 -0.0124925 -0.000141671
0.8529 -0.00313289 0.0038297
0.854 -0.00672242 0.00482767
0.8551 -0.0118293 0.000790326
0.8562 -0.0126148 -0.000516914
0.8573 -0.01263 0.000613022
0.8584 -0.00770776 -0.00306596
0.8595 -0.00486176 -0.00634856
0.8606 0.00126951 0.000273792
0.8617 0.00570896 -0.00356477
0.8628 0.00317518 -0.000714579
0.8639 0.00164667 0.000238094
0.865 0.000718479 0.00592366
0.8661 -0.00173615 0.000969144
0.8672 -0.000474393 0.00681279
0.8683 0.0083977 -0.00100811
0.8694 0.0131158 0.00152012
0.8705 0.00933396 -0.000141146
0.8716 0.00240914 -0.00397715
0.8727 0.0109331 -0.00314795
0.8738 -0.00263147 -0.0012974
0.8749 -0.00902047 0.00122841
0.876 -0.00679566 -0.00272427
0.8771 0.00232462 -0.0018172
0.8782 -0.00133066 0.002492
0.8793 -0.006508 0.0024236
0.8804 -0.00156765 0.000725973
0.8815 0.00252201 0.0025298
0.8826 -0.0107464 0.00290224
0.8837 -0.0127218 -0.000452953
0.8848 0.0047682 -0.00150098
0.8859 0.00764104 0.000286631
0.887 0.000914865 -2.05734e-05
0.8881 0.00258728 -0.00183977
0.8892 0.000995917 -0.00273569
0.8903 0.0025023 -0.00060089
0.8914 -0.00234423 0.00129178
0.8925 0.0141493 -0.000933792
0.8936 0.0177554 0.000388667
0.8947 0.0127496 -0.000733687
0.8958 0.0110821 0.00113323
0.8969 0.00764309 -2.23105e-05
0.898 0.0069644 0.000191785
0.8991 -0.00037875 -0.000150779
0.9002 0.00319531 0.00114281
0.9013 0.000562739 -0.00202476
0.9024 0.00187322 -0.00156761
0.9035 -0.00116334 0.000223539
0.90455 -0.00149152 -0.000602592
0.9056 0.00153351 0.0001098
0.9067 -0.00749886 0.000347653
0.9078 -0.000260373 -0.00152512
0.9089 0.00187534 0.00212927
0.91 0.00467812 0.000480149
0.9111 0.00170504 0.000718861
0.9122 -0.00109783 0.00119365
0.9133 0.00463213 -0.00280302
0.9144 -0.00321539 0.00296505
0.9155 0.00675787 0.000886313
0.9166 0.0120483 -0.00332756
0.9177 0.0107308 -0.00155271
0.9188 0.00785009 -0.00141928
0.9199 0.0106766 -0.000235565
0.921 0.00994499 -0.000481402
0.9221 0.00463945 -1.3835e-05
0.9232 0.000923804 0.000305714
0.92425 0.00337246 0.000790761
0.9253 0.00601937 0.0010903
0.9264 0.00234252 0.00130125
0.9275 -0.0016202 0.000193466
0.9286 -0.00451403 -0.000793341
0.9297 -0.00169832 0.000289136
0.9308 -0.00378012 0.00104659
0.9319 -0.00526826 -0.00137982
0.933 -0.0019099 -0.000659052
0.9341 -0.00109441 0.0010041
0.9352 -0.00828051 -0.000362972
0.9363 -0.00418425 -0.000323872
0.9374 0.0017124 -0.000273939
0.9385 0.00122989 0.000844315
0.9396 0.00831423 0.000916972
0.9407 0.00496265 0.00096366
0.9418 0.000957799 -0.000159008
0.9429 -0.00110374 0.000139345
0.944 0.0028521 -7.29332e-05
0.9451 0.00469105 -0.000179453
0.9462 0.00455726 -0.000621464
0.9473 0.00361903 -0.00130699
0.9484 0.00822913 -0.00084273
0.9495 0.00256953 0.000911147
0.9506 -0.00489708 0.000230095
0.9517 -0.0111046 -0.000269488
0.9528 -0.00737331 0.000825416
0.9539 -0.00724806 0.00218768
0.955 -0.00774467 0.000797803
0.9561 -0.00585893 -0.000775226
0.9572 -0.00418938 0.000356123
0.9583 -0.00721586 -0.000934054
0.9594 -0.0109986 0.00024315
0.9605 -0.00101184 -0.000473338
0.9616 -0.000956894 -0.0014114
0.9627 -0.00568521 -0.000660129
0.9638 -0.00723245 0.00103381
0.9649 -0.00173112 -0.0017619
0.966 0.00467982 -0.000681302
0.9671 -0.00814921 0.00181114
0.9682 0.00927473 -0.00731263
0.9693 -0.0207214 -0.00878385
0.9704 -0.0305293 0.0291117
0.9715 -0.0108541 -0.00680983
0.9726 0.0222034 0.0128333
0.9737 0.0312601 -0.00047358
0.9748 0.0253076 -0.000779467
0.9759 0.00235184 -0.00214319
0.977 0.0108146 -0.00407738
0.9781 0.000840813 -0.00728289
0.9792 0.00447914 -0.00596315
0.980225 -0.0123247 -0.00531209
0.9813 0.0110494 0.0292632
0.9824 0.0133235 0.0061606
0.9835 0.0096089 0.00194035
0.9846 -0.0245693 0.00455825
0.98565 -0.0255526 0.00456274
0.986662 -0.00212598 0.00803444
0.9877 0.00625229 0.00226589
0.9888 0.0140844 -0.000186218
0.9899 0.00948035 -0.00624562
0.99095 0.016165 0.00259843
0.992 0.00881566 -0.00481101
0.99305 -0.0138267 -0.00816041
0.9941 -0.0135916 -0.00999174
0.9952 -0.012458 -0.0095409
0.9963 -0.00389094 0.00200798
0.99735 0.00736432 0.00504291
0.9984 0.0074254 -0.00122013
0.9995 0.0140891 -0.00036101
