0 0
0.001 0
0.002 0
0.0031 0
0.0042 0
0.0052 0
0.0062 0
0.0072 0
0.0082 0
0.0093 0
0.0104 0
0.0115 0
0.0126 0
0.0137 0
0.0148 0
0.0159 0
0.017 0
0.0181 0
0.0192 0
0.0203 0
0.0214 0
0.0225 0
0.0236 0
0.0247 0
0.0258 0
0.0269 0
0.028 0
0.0291 0
0.0302 0
0.0313 0
0.0323 0
0.0333 0
0.0343 0
0.0353 0
0.0363 0
0.0373 0
0.0383 0
0.0393 0
0.0403 0
0.0413 0
0.0423 0
0.0433 0
0.0443 0
0.0453 0
0.0463 0
0.0473 0
0.0483 0
0.0493 0
0.0503 0
0.0513 0
0.0523 0
0.0533 0
0.0543 0
0.0553 0
0.0563 0
0.0573 0
0.0583 0
0.0593 0
0.0603 0
0.0613 0
0.0623 0
0.0633 0
0.0643 0
0.0653 0
0.0663 0
0.0673 0
0.0683 0
0.0693 0
0.0703 0
0.0713 0
0.0723 0
0.0733 0
0.0743 0
0.0753 0
0.0763 0
0.0773 0
0.0783 0
0.0793 0
0.0803 0
0.0813 0
0.0823 0
0.0833 0
0.0843 0
0.0853 0
0.0863 0
0.0873 0
0.0883 0
0.0893 0
0.0903 0
0.0913 0
0.0923 0
0.0933 0
0.0943 0
0.0953 0
0.0963 0
0.0973 0
0.0983 0
0.0993 0
0.1003 0
0.1013 0
0.1023 0
0.1033 0
0.1043 0
0.1053 0
0.1063 0
0.1073 0
0.1083 0
0.1093 0
0.1103 0
0.1113 0
0.1123 0
0.1133 0
0.1143 0
0.1153 0
0.1163 0
0.1173 0
0.1183 0
0.1193 0
0.1203 0
0.1213 0
0.1223 0
0.1233 0
0.1243 0
0.1253 -1.41373e-09
0.1264 -4.08182e-07
0.1275 2.07793e-06
0.1286 1.16858e-05
0.1297 -3.8819e-06
0.1308 -2.62448e-05
0.1319 -3.85497e-05
0.133 -3.8963e-05
0.1341 -5.83739e-05
0.1352 -5.84803e-05
0.1363 -1.90287e-05
0.1374 -5.44029e-05
0.1385 -0.000156401
0.1396 -0.000297467
0.1407 -0.000462998
0.1418 -0.000595164
0.1429 -0.000659252
0.144 -0.00065221
0.1451 -0.000454532
0.1462 -0.000188851
0.1473 9.26645e-05
0.1484 0.000356435
0.1495 0.000589058
0.1506 0.000755532
0.1517 0.000905381
0.1528 0.00108304
0.1539 0.00132363
0.155 0.00166791
0.1561 0.0020997
0.1572 0.00252251
0.1583 0.00298069
0.1594 0.00353269
0.1605 0.00404231
0.1616 0.00451249
0.1627 0.00495025
0.1638 0.00540077
0.1649 0.00591897
0.166 0.00649569
0.1671 0.00713049
0.1682 0.00784117
0.1693 0.00861919
0.1704 0.00951562
0.1715 0.0105041
0.1726 0.0114899
0.1737 0.0124104
0.1748 0.0133371
0.1759 0.014297
0.177 0.0153047
0.1781 0.0163095
0.1792 0.0173282
0.1803 0.0184334
0.1814 0.019591
0.1825 0.0207208
0.1836 0.0217727
0.1847 0.0227144
0.1858 0.0235788
0.1869 0.0243805
0.188 0.0251551
0.1891 0.025885
0.1902 0.0265481
0.1913 0.0272147
0.1924 0.0279016
0.1935 0.0286278
0.1946 0.0293384
0.1957 0.0299232
0.1968 0.0303803
0.1979 0.0307931
0.199 0.0312136
0.2001 0.0317188
0.2012 0.032242
0.2023 0.0327344
0.2034 0.0332315
0.2045 0.0338348
0.2056 0.0343912
0.2067 0.0348573
0.2078 0.0352813
0.2089 0.035695
0.21 0.0361162
0.2111 0.0365922
0.2122 0.0370967
0.2133 0.0375401
0.2144 0.0379497
0.2155 0.0383327
0.2166 0.038699
0.21765 0.0390294
0.2187 0.039328
0.2198 0.0395835
0.2209 0.0397945
0.222 0.0399853
0.2231 0.0401715
0.2242 0.0403392
0.2253 0.0404568
0.2264 0.040531
0.2275 0.0405748
0.2286 0.0405855
0.2297 0.0405816
0.2308 0.0406002
0.2319 0.0406481
0.233 0.0406269
0.2341 0.040587
0.2352 0.0405759
0.2363 0.0405997
0.2374 0.040567
0.2385 0.0405058
0.2396 0.040439
0.2407 0.040381
0.2418 0.0403593
0.2429 0.0403616
0.244 0.0403304
0.2451 0.0402457
0.2462 0.0401362
0.2473 0.040034
0.2484 0.0399536
0.2495 0.0398905
0.2506 0.0398349
0.2517 0.0397743
0.2528 0.0396768
0.2539 0.0395671
0.255 0.0394573
0.2561 0.0393436
0.2572 0.039182
0.2583 0.0389834
0.2594 0.038767
0.2605 0.0385576
0.2616 0.0383735
0.2627 0.0381848
0.2638 0.0379782
0.2649 0.0377701
0.266 0.0375671
0.2671 0.0373672
0.26815 0.0371937
0.2692 0.0369783
0.27025 0.0366925
0.2713 0.0363796
0.2724 0.0360784
0.2735 0.0358208
0.2746 0.035585
0.2757 0.0353643
0.2768 0.0351179
0.2779 0.0348836
0.279 0.0346705
0.2801 0.0343846
0.2812 0.0340541
0.2823 0.0337382
0.2834 0.0334285
0.2845 0.0331648
0.2856 0.0329593
0.2867 0.0327876
0.2878 0.0326411
0.2889 0.0325069
0.29 0.0323423
0.2911 0.03215
0.2922 0.0319262
0.2933 0.0316736
0.2944 0.0314298
0.2955 0.0312123
0.2966 0.031038
0.2977 0.0308874
0.2988 0.0307559
0.2999 0.0306405
0.301 0.0305055
0.3021 0.0303368
0.3032 0.0301141
0.3043 0.0298434
0.3054 0.0295532
0.3065 0.0292533
0.3076 0.0289633
0.3087 0.0286849
0.3098 0.0284304
0.3109 0.0281925
0.312 0.027971
0.3131 0.0277463
0.3142 0.0275099
0.3153 0.0272503
0.3164 0.02697
0.3175 0.0266788
0.3186 0.0263798
0.3197 0.0261062
0.3208 0.0258786
0.3219 0.0256927
0.323 0.0255131
0.3241 0.0253267
0.3252 0.025137
0.3263 0.024929
0.3274 0.0247208
0.3285 0.0245082
0.3296 0.024286
0.3307 0.0240796
0.3318 0.0238874
0.3329 0.023733
0.334 0.0236224
0.3351 0.0235222
0.3362 0.0233687
0.3373 0.0231677
0.3384 0.0229394
0.3395 0.0226948
0.3406 0.0224536
0.3417 0.0222185
0.3428 0.0219979
0.3439 0.021791
0.345 0.021602
0.3461 0.0214212
0.3472 0.0212654
0.3483 0.0211018
0.3494 0.0209229
0.3505 0.0207024
0.3516 0.0204523
0.3527 0.0202294
0.3538 0.0200151
0.3549 0.0197972
0.356 0.0196327
0.3571 0.0194979
0.3582 0.0193654
0.3593 0.0192302
0.3604 0.0190775
0.3615 0.018895
0.3626 0.0187246
0.3637 0.0185785
0.3648 0.0184381
0.3659 0.0183025
0.367 0.0182112
0.3681 0.0181243
0.3692 0.0180135
0.3703 0.0179066
0.3714 0.0177955
0.3725 0.0176832
0.3736 0.0175846
0.3747 0.0174779
0.3758 0.0173509
0.3769 0.0172294
0.378 0.0171311
0.3791 0.0170896
0.3802 0.0170454
0.3813 0.016979
0.3824 0.0169043
0.3835 0.0168199
0.3846 0.0167438
0.3857 0.0166744
0.3868 0.0165875
0.3879 0.0164943
0.389 0.0164098
0.3901 0.0163448
0.3912 0.0163035
0.3923 0.0162613
0.3934 0.0162009
0.3945 0.0161334
0.3956 0.0160576
0.3967 0.0159729
0.3978 0.0158924
0.3989 0.0158145
0.4 0.015754
0.4011 0.015722
0.4022 0.0157082
0.4033 0.0157138
0.4044 0.015726
0.4055 0.0157058
0.4066 0.0156684
0.4077 0.0156216
0.4088 0.015564
0.4099 0.0155095
0.411 0.0154604
0.4121 0.0154254
0.4132 0.0154153
0.4143 0.0154337
0.4154 0.0154646
0.4165 0.0154861
0.4176 0.0154896
0.4187 0.0154721
0.4198 0.0154377
0.4209 0.0153897
0.422 0.0153373
0.4231 0.0152896
0.4242 0.01526
0.4253 0.0152506
0.4264 0.0152617
0.4275 0.0152775
0.4286 0.0152875
0.4297 0.0152831
0.4308 0.0152552
0.4319 0.0152161
0.433 0.0151732
0.4341 0.0151365
0.4352 0.0151121
0.4363 0.0150869
0.4374 0.0150687
0.4385 0.0150639
0.4396 0.0150631
0.4407 0.0150564
0.4418 0.0150441
0.4429 0.0150171
0.444 0.0149797
0.44505 0.0149485
0.4461 0.0149148
0.4472 0.0148809
0.4483 0.0148562
0.4494 0.0148387
0.4505 0.0148261
0.4516 0.0148157
0.4527 0.0148136
0.4538 0.0148147
0.4549 0.0148223
0.456 0.0147901
0.4571 0.0147029
0.4582 0.0146154
0.4593 0.0145532
0.4604 0.0145306
0.4615 0.0145325
0.4626 0.0145302
0.4637 0.0145329
0.4648 0.0145383
0.4659 0.0145439
0.467 0.0145466
0.4681 0.0145381
0.4692 0.0144808
0.4703 0.0144069
0.4714 0.0143689
0.4725 0.0143567
0.4736 0.0143677
0.4747 0.0143792
0.4758 0.0144039
0.4769 0.0144436
0.478 0.0144579
0.4791 0.0144394
0.4802 0.0143975
0.4813 0.0143612
0.4824 0.0143329
0.4835 0.0142946
0.4846 0.0142632
0.4857 0.0142413
0.4868 0.014244
0.4879 0.0142583
0.489 0.0142726
0.4901 0.014283
0.4912 0.0142687
0.4923 0.0142473
0.4934 0.014234
0.4945 0.0142231
0.4956 0.0142176
0.4967 0.0142131
0.4978 0.0142004
0.4989 0.0142023
0.5 0.014221
0.5011 0.0142498
0.5022 0.0142893
0.5033 0.014331
0.5044 0.0143342
0.5055 0.0143214
0.5066 0.0143202
0.5077 0.0143304
0.5088 0.0143357
0.5099 0.0143423
0.511 0.0143527
0.5121 0.014366
0.5132 0.0143831
0.5143 0.0143937
0.5154 0.0144207
0.5165 0.0144327
0.5176 0.0144054
0.5187 0.0143618
0.5198 0.0143305
0.5209 0.0143151
0.522 0.0143295
0.5231 0.0143505
0.5242 0.0143933
0.5253 0.0144485
0.5264 0.014491
0.5275 0.0145109
0.5286 0.0144984
0.5297 0.0145068
0.5308 0.014494
0.5319 0.0144901
0.533 0.0145078
0.5341 0.0144997
0.5352 0.0145135
0.5363 0.0145507
0.5374 0.0145823
0.5385 0.0146368
0.5396 0.0146922
0.5407 0.0147327
0.5418 0.0147473
0.5429 0.0147372
0.544 0.0147242
0.5451 0.0147193
0.5462 0.0147345
0.5473 0.0147705
0.5484 0.0148231
0.5495 0.0148789
0.5506 0.0149269
0.5517 0.0149915
0.5528 0.0150594
0.5539 0.0151089
0.555 0.0151302
0.5561 0.0151245
0.5572 0.0151237
0.5583 0.0151453
0.5594 0.0151662
0.5605 0.01517
0.5616 0.0151902
0.5627 0.0152261
0.5638 0.0152683
0.5649 0.0153016
0.566 0.0153182
0.5671 0.015324
0.5682 0.0153193
0.5693 0.0153117
0.5704 0.01531
0.5715 0.0153344
0.5726 0.0153683
0.5737 0.0154074
0.5748 0.0154607
0.5759 0.0155087
0.577 0.0155525
0.5781 0.0155825
0.5792 0.0156062
0.5803 0.0156014
0.5814 0.015595
0.5825 0.0156287
0.5836 0.0156774
0.5847 0.0157294
0.5858 0.0157759
0.5869 0.0158167
0.588 0.0158501
0.5891 0.0158853
0.5902 0.0159138
0.5913 0.0159225
0.5924 0.0159164
0.5935 0.0159117
0.5946 0.0159035
0.5957 0.0158982
0.5968 0.0158833
0.5979 0.0158597
0.599 0.0158337
0.6001 0.0158115
0.6012 0.0157957
0.6023 0.0157688
0.6034 0.0157257
0.6045 0.0156735
0.6056 0.01564
0.6067 0.0156096
0.6078 0.0155538
0.6089 0.0154745
0.61 0.0154111
0.6111 0.0154143
0.6122 0.015495
0.6133 0.0156427
0.6144 0.0158159
0.6155 0.0159551
0.6166 0.0160647
0.6177 0.0161258
0.6188 0.0161284
0.6199 0.0161269
0.621 0.0161051
0.6221 0.0160652
0.6232 0.0159802
0.6243 0.0158428
0.6254 0.0157267
0.6265 0.0155836
0.6276 0.0153881
0.6287 0.0151265
0.6298 0.0148397
0.6309 0.0145393
0.632 0.0142311
0.6331 0.0139181
0.6342 0.0136118
0.6353 0.0133105
0.6364 0.0130236
0.6375 0.0127483
0.6386 0.0124471
0.6397 0.0121153
0.6408 0.011782
0.6419 0.0114767
0.643 0.0112085
0.6441 0.0109906
0.6452 0.0108083
0.6463 0.0106662
0.6474 0.0105909
0.6485 0.0105567
0.6496 0.0105214
0.6507 0.0104586
0.6518 0.0103704
0.6529 0.0102752
0.654 0.0101803
0.65505 0.0100934
0.6561 0.0100055
0.6572 0.00991584
0.6583 0.00982716
0.6594 0.00971339
0.6605 0.00956406
0.6616 0.00937953
0.6627 0.0091656
0.6638 0.00891869
0.6649 0.00864969
0.666 0.00836776
0.6671 0.0080807
0.6682 0.00779637
0.66925 0.00752481
0.6703 0.00724584
0.6714 0.00694003
0.6725 0.00662089
0.6736 0.00630027
0.6747 0.00599049
0.6758 0.00569787
0.6769 0.00543627
0.678 0.00520679
0.6791 0.00501515
0.6802 0.00485566
0.6813 0.00471649
0.6824 0.00459195
0.6835 0.00447826
0.6846 0.00436233
0.6857 0.00423953
0.6868 0.00411424
0.6879 0.00399003
0.689 0.00387721
0.6901 0.00377228
0.6912 0.00366147
0.6923 0.00354416
0.6934 0.00342299
0.6945 0.00328611
0.6956 0.00311914
0.6967 0.00292818
0.6978 0.00271985
0.6989 0.0025066
0.7 0.00229702
0.7011 0.00208644
0.7022 0.00187202
0.7033 0.00165626
0.7044 0.00144294
0.7055 0.00123406
0.7066 0.0010332
0.7077 0.00084074
0.7088 0.00066157
0.7099 0.000498937
0.711 0.00035222
0.7121 0.000229096
0.7132 0.000141457
0.7143 8.04946e-05
0.7154 4.04022e-05
0.7165 1.34043e-05
0.7176 3.49672e-06
0.7187 6.6819e-06
0.7198 2.09179e-05
0.7209 4.17542e-05
0.722 6.4838e-05
0.7231 9.35068e-05
0.7242 0.000132485
0.7253 0.00015941
0.7264 0.000166443
0.7275 0.00017077
0.7286 0.000178523
0.7297 0.000187621
0.7308 0.000190326
0.7319 0.000163228
0.733 0.000122559
0.7341 8.70126e-05
0.7352 5.71257e-05
0.7363 3.28728e-05
0.7374 -1.64686e-06
0.7385 -4.49768e-05
0.7396 -7.57227e-05
0.7407 -8.24662e-05
0.7418 -7.05544e-05
0.7429 -4.43859e-05
0.744 4.47166e-06
0.7451 6.44125e-05
0.7462 0.000123643
0.7473 0.000190362
0.7484 0.00027132
0.7495 0.000375202
0.7506 0.000495705
0.7517 0.00063332
0.7528 0.000796268
0.7539 0.000987979
0.755 0.001179
0.7561 0.00134325
0.7572 0.00149152
0.7583 0.00162459
0.7594 0.00174761
0.7605 0.00186144
0.7616 0.00196378
0.7627 0.00206765
0.7638 0.00218172
0.7649 0.00229648
0.766 0.00240503
0.7671 0.00249733
0.7682 0.00257505
0.7693 0.00264152
0.7704 0.00270128
0.7715 0.00276354
0.7726 0.00283387
0.7737 0.00291862
0.7748 0.00302274
0.7759 0.00314706
0.777 0.00328333
0.7781 0.00342285
0.7792 0.0035647
0.7803 0.00370407
0.7814 0.00383722
0.7825 0.00397088
0.7836 0.00411155
0.7847 0.00425081
0.7858 0.00438884
0.78685 0.00451973
0.7879 0.00464521
0.789 0.00476438
0.7901 0.00486081
0.7912 0.00492223
0.7923 0.00494725
0.7934 0.00493782
0.7945 0.00491003
0.7956 0.00488819
0.7967 0.00487942
0.7978 0.00487321
0.7989 0.0048663
0.8 0.00486393
0.8011 0.00486085
0.8022 0.00484962
0.8033 0.00482288
0.8044 0.00479727
0.8055 0.00479462
0.8066 0.00480978
0.8077 0.00483364
0.8088 0.00486254
0.8099 0.00489104
0.811 0.00491795
0.8121 0.00493266
0.8132 0.00492396
0.8143 0.00488743
0.8154 0.00483836
0.8165 0.00478522
0.8176 0.00472139
0.8187 0.00464004
0.8198 0.0045402
0.8209 0.00442269
0.822 0.00429002
0.8231 0.00413873
0.8242 0.00396806
0.8253 0.00378488
0.8264 0.00360036
0.8275 0.00342099
0.8286 0.00324978
0.8297 0.00308563
0.8308 0.0029276
0.8319 0.00277577
0.833 0.00262718
0.8341 0.00248094
0.8352 0.00233928
0.8363 0.00220398
0.8374 0.00207671
0.8385 0.00195958
0.8396 0.00184758
0.8407 0.00173742
0.8418 0.00162836
0.8429 0.0015169
0.844 0.00139858
0.8451 0.00126937
0.8462 0.00113295
0.8473 0.000989236
0.8484 0.000837927
0.8495 0.000678748
0.8506 0.00051347
0.8517 0.000343227
0.8528 0.000166802
0.8539 -1.20385e-05
0.855 -0.000191359
0.8561 -0.000365861
0.8572 -0.000538199
0.8583 -0.000711363
0.8594 -0.000881418
0.8605 -0.00103893
0.8616 -0.00118082
0.8627 -0.00130476
0.8638 -0.00141502
0.8649 -0.001516
0.866 -0.00160524
0.8671 -0.0016849
0.8682 -0.00175776
0.8693 -0.0018225
0.8704 -0.00187717
0.8715 -0.00192202
0.8726 -0.001958
0.8737 -0.00198791
0.8748 -0.00201045
0.8759 -0.00202971
0.877 -0.00205102
0.8781 -0.00207173
0.8792 -0.00209149
0.8803 -0.00211308
0.8814 -0.00214293
0.8825 -0.00219077
0.8836 -0.00224143
0.8847 -0.00228214
0.8858 -0.00231356
0.8869 -0.00233789
0.888 -0.00235671
0.8891 -0.00236913
0.8902 -0.00237093
0.8913 -0.00236197
0.8924 -0.00234886
0.8935 -0.00233204
0.8946 -0.00230819
0.8957 -0.00227032
0.8968 -0.00221309
0.8979 -0.00214089
0.899 -0.00205602
0.9001 -0.0019581
0.9012 -0.00185598
0.9023 -0.00174306
0.9034 -0.00161979
0.9045 -0.0014909
0.9056 -0.00135868
0.9067 -0.00122044
0.9078 -0.0010772
0.9089 -0.000929089
0.91 -0.000779987
0.9111 -0.000636508
0.9122 -0.000500817
0.9133 -0.000372353
0.9144 -0.000251827
0.9155 -0.000138385
0.9166 -3.09427e-05
0.9177 7.43603e-05
0.9188 0.00018195
0.9199 0.000291519
0.921 0.000398183
0.9221 0.000498929
0.9232 0.000593902
0.9243 0.000690789
0.9254 0.000795752
0.9265 0.000909498
0.9276 0.00103401
0.9287 0.00117138
0.9298 0.00132469
0.9309 0.00148976
0.932 0.00166027
0.9331 0.00182937
0.9342 0.00199064
0.9353 0.00215321
0.9364 0.00231663
0.9375 0.0024805
0.9386 0.00264529
0.9397 0.00281441
0.9408 0.00297897
0.9419 0.0031372
0.943 0.00328533
0.9441 0.00341701
0.9452 0.00353208
0.9463 0.00362909
0.9474 0.00371436
0.9485 0.00379403
0.9496 0.00386673
0.9507 0.00393482
0.9518 0.0039946
0.9529 0.00404588
0.954 0.00409323
0.9551 0.00413555
0.9562 0.0041712
0.9573 0.00420594
0.9584 0.00424529
0.9595 0.00429504
0.9606 0.00435313
0.9617 0.00441203
0.9628 0.00447177
0.9639 0.00453083
0.965 0.00458361
0.9661 0.00463128
0.9672 0.00466852
0.9683 0.00469831
0.9694 0.00472818
0.9705 0.00475618
0.9716 0.00477287
0.9727 0.00476517
0.97375 0.0047409
0.9748 0.0047049
0.9759 0.00465767
0.977 0.00460296
0.9781 0.00454056
0.9792 0.00447041
0.9803 0.00439635
0.9814 0.00431577
0.9825 0.00422555
0.9836 0.004123
0.9847 0.0040156
0.9858 0.00391122
0.9869 0.00381139
0.988 0.00371486
0.9891 0.00361308
0.9902 0.00350567
0.9913 0.00339506
0.9924 0.00328536
0.9935 0.00317356
0.9946 0.0030591
0.9957 0.00294444
0.9968 0.00283036
0.9979 0.00271495
0.999 0.00259527
1.0001 0.00246651
