0 0 0
0.001 0 0
0.002 0 0
0.0031 0 0
0.0042 0 0
0.0052 0 0
0.0062 0 0
0.0072 0 0
0.0082 0 0
0.0093 0 0
0.0104 0 0
0.0115 0 0
0.0126 0 0
0.0137 0 0
0.0148 0 0
0.0159 0 0
0.017 0 0
0.0181 0 0
0.0192 0 0
0.0203 0 0
0.0214 0 0
0.0225 0 0
0.0236 0 0
0.0247 0 0
0.0258 0 0
0.0269 0 0
0.028 0 0
0.0291 0 0
0.0302 0 0
0.0313 0 0
0.0323 0 0
0.0333 0 0
0.0343 0 0
0.0353 0 0
0.0363 0 0
0.0373 0 0
0.0383 0 0
0.0393 0 0
0.0403 0 0
0.0413 0 0
0.0423 0 0
0.0433 0 0
0.0443 0 0
0.0453 0 0
0.0463 0 0
0.0473 0 0
0.0483 0 0
0.0493 0 0
0.0503 0 0
0.0513 0 0
0.0523 0 0
0.0533 0 0
0.0543 0 0
0.0553 0 0
0.0563 0 0
0.0573 0 0
0.0583 0 0
0.0593 0 0
0.0603 0 0
0.0613 0 0
0.0623 0 0
0.0633 0 0
0.0643 0 0
0.0653 0 0
0.0663 0 0
0.0673 0 0
0.0683 0 0
0.0693 0 0
0.0703 0 0
0.0713 0 0
0.0723 0 0
0.0733 0 0
0.0743 0 0
0.0753 0 0
0.0763 0 0
0.0773 0 0
0.0783 0 0
0.0793 0 0
0.0803 0 0
0.0813 0 0
0.0823 0 0
0.0833 0 0
0.0843 0 0
0.0853 0 0
0.0863 0 0
0.0873 0 0
0.0883 0 0
0.0893 0 0
0.0903 0 0
0.0913 0 0
0.0923 0 0
0.0933 0 0
0.0943 0 0
0.0953 0 0
0.0963 0 0
0.0973 0 0
0.0983 0 0
0.0993 0 0
0.1003 0 0
0.1013 0 0
0.1023 0 0
0.1033 0 0
0.1043 0 0
0.1053 0 0
0.1063 0 0
0.1073 0 0
0.1083 0 0
0.1093 0 0
0.1103 0 0
0.1113 0 0
0.1123 0 0
0.1133 0 0
0.1143 0 0
0.1153 0 0
0.1163 0 0
0.1173 0 0
0.1183 0 0
0.1193 0 0
0.1203 0 0
0.1213 0 0
0.1223 0 0
0.1233 0 0
0.1243 0 0
0.1253 2.49051e-05 -4.13392e-08
0.1264 0.00835115 -0.000787293
0.1275 -0.0126108 -0.0188292
0.1286 0.0294657 0.0125542
0.1297 0.00354173 0.0187665
0.1308 -0.00373752 -0.0115264
0.1319 -0.0268828 -0.00235265
0.133 0.0244279 0.002159
0.1341 -0.00951191 0.00560211
0.1352 -0.0615307 -0.00865625
0.1363 0.0646568 -0.00377222
0.1374 0.0768949 -4.47683e-05
0.1385 0.0288589 0.000621043
0.1396 0.0250158 0.00780774
0.1407 -0.0208163 0.0106301
0.1418 -0.0773248 -0.00126618
0.1429 -0.0343624 0.0148209
0.144 -0.200004 -0.022818
0.1451 -0.04794 -0.00802882
0.1462 -0.016397 0.0125299
0.1473 0.0138991 -0.0148227
0.1484 0.0204887 -0.00480199
0.1495 0.0560562 -0.000351495
0.1506 0.0188934 0.0116452
0.1517 -0.0142922 -0.0115184
0.1528 -0.0523645 -0.00570174
0.1539 -0.0762205 0.00616964
0.155 -0.11254 -0.0134393
0.1561 0.0241171 0.019424
0.1572 -0.0211271 -0.0147719
0.1583 -0.134962 -0.0143313
0.1594 0.0346077 -0.0348901
0.1605 -0.0099622 -0.0384346
0.1616 0.0630257 0.00589541
0.1627 0.00380403 0.040296
0.1638 0.00759952 0.0703052
0.1649 -0.0753895 0.000479834
0.166 -0.025641 -0.00192373
0.1671 -0.0844362 0.00727578
0.1682 -0.0499787 -0.0186105
0.1693 -0.138172 0.0682321
0.1704 -0.1014 -0.0162481
0.1715 -0.0327919 0.0108173
0.1726 0.115396 0.0405062
0.1737 -0.0197688 0.0109464
0.1748 -0.0192977 -0.00211549
0.1759 -0.0580035 0.00445603
0.177 -0.0311452 -0.00327167
0.1781 -0.0253594 -0.0220726
0.1792 -0.0485745 0.120861
0.1803 -0.075356 0.0549503
0.1814 0.0434311 0.00371751
0.1825 0.0328632 -0.0150962
0.1836 0.111077 -0.0364027
0.1847 0.0855263 -0.0345032
0.1858 0.0338921 -0.00999172
0.1869 0.00169058 -0.0161358
0.188 0.0151986 -0.0249547
0.1891 0.0649978 -0.0195038
0.1902 0.0288051 0.0770987
0.1913 -0.0181366 -0.0371942
0.1924 -0.0479682 0.044541
0.1935 0.000724344 -0.0201123
0.1946 0.163136 -0.110448
0.1957 0.178537 -0.0757698
0.1968 0.0484119 -0.0100819
0.1979 0.00726501 -0.00128977
0.199 -0.0591791 0.0200328
0.2001 -0.0267573 0.0173616
0.2012 0.0213645 0.0428092
0.2023 0.0226863 0.0280574
0.2034 -0.142165 0.0729888
0.2045 0.0407986 -0.0724861
0.2056 0.108905 -0.0619009
0.2067 0.0646987 -0.00908195
0.2078 0.0110929 0.0117969
0.2089 0.00330519 -0.00598824
0.21 -0.0556157 0.034604
0.2111 -0.0475108 0.0358855
0.2122 0.0685739 -0.00923969
0.2133 0.00596769 0.0490657
0.2144 -0.00117492 -0.00837907
0.2155 0.0115844 -0.00830095
0.2166 0.0130571 -0.0134163
0.21765 0.0243569 -0.0124031
0.2187 0.0548381 -0.0272861
0.2198 0.0521043 -0.00735375
0.2209 0.0208055 -0.0197503
0.222 -0.0132422 -0.0108394
0.2231 -0.0143544 -0.0675644
0.2242 0.0252833 -0.0150542
0.2253 0.00533528 -0.028006
0.2264 0.0255049 -0.0296706
0.2275 0.0507467 0.00177197
0.2286 0.0320171 -0.00907123
0.2297 0.0547364 0.0582057
0.2308 0.0635267 -0.0319774
0.2319 0.289945 0.0860585
0.233 0.0600532 -0.0134825
0.2341 0.0144983 0.0272194
0.2352 0.00570915 0.0434399
0.2363 0.0616579 -0.0533143
0.2374 0.0307251 0.00472277
0.2385 0.00803371 0.0349366
0.2396 -0.00204301 0.0376466
0.2407 -0.0255903 0.0276498
0.2418 -0.0419466 0.01503
0.2429 0.0431455 -0.0194952
0.244 0.0665743 -0.0551041
0.2451 0.0504424 -0.0474342
0.2462 0.0245426 -0.0119177
0.2473 -0.0137762 0.0103903
0.2484 0.00146647 0.0162971
0.2495 0.00127732 0.017207
0.2506 0.00507176 0.0123391
0.2517 0.0381912 -0.0153492
0.2528 0.010321 0.00896032
0.2539 -0.00975481 0.00748591
0.255 0.0350609 -0.004541
0.2561 0.0947938 -0.0378486
0.2572 0.0409322 -0.0230127
0.2583 0.0393595 -0.00364181
0.2594 0.00306956 0.0457101
0.2605 -0.0362486 0.0101057
0.2616 0.0216069 0.0258352
0.2627 0.0338579 0.0420387
0.2638 0.00686673 0.016099
0.2649 0.0376798 0.0610285
0.266 -0.0143036 0.00568216
0.2671 -0.0112473 -0.0206874
0.26815 0.067962 -0.0132505
0.2692 0.096703 -0.0234717
0.27025 0.031987 0.0106565
0.2713 0.0127284 0.0654404
0.2724 -0.00027208 0.0598151
0.2735 -0.0165118 0.0315669
0.2746 -0.0312247 0.0396266
0.2757 0.0298884 0.0073851
0.2768 0.0169876 0.00584476
0.2779 -0.0246334 -0.00875391
0.279 0.087362 -0.0906533
0.2801 0.0655309 -0.034071
0.2812 -0.0133617 0.0194909
0.2823 0.00181739 0.00660756
0.2834 -0.0440849 0.0561945
0.2845 -0.0381554 0.0382516
0.2856 -0.0320584 0.0566883
0.2867 -0.00595371 0.0505377
0.2878 -0.00930187 0.0283166
0.2889 0.051341 -0.0304814
0.29 0.0358425 -0.0304351
0.2911 0.0696483 -0.0508787
0.2922 0.0504276 -0.0162878
0.2933 -0.0381856 -0.0151809
0.2944 0.00219809 -0.000467013
0.2955 -0.0264134 0.0565046
0.2966 -0.00595655 0.0432594
0.2977 -0.0264788 0.0287299
0.2988 -0.020705 0.0131848
0.2999 0.0391296 -0.0228312
0.301 0.040754 -0.0117124
0.3021 0.0320059 -0.0400143
0.3032 0.0672047 -0.035889
0.3043 0.0264712 0.0158347
0.3054 0.0112949 0.00441952
0.3065 -0.00704285 0.00149922
0.3076 -0.00624704 0.0278391
0.3087 -0.00985635 0.0207157
0.3098 -0.00417457 -0.000434691
0.3109 -0.00118953 0.0118083
0.312 0.00812115 -0.00653701
0.3131 0.0286275 -0.0141516
0.3142 0.0493648 -0.0123986
0.3153 0.0340747 -0.0166805
0.3164 0.0177194 -0.00957305
0.3175 0.0150685 0.00605254
0.3186 -0.0150307 0.0256158
0.3197 -0.0439937 0.0397836
0.3208 -0.0366679 0.0366117
0.3219 -0.00612249 0.0141049
0.323 0.0158913 -0.00293943
0.3241 0.0052142 -0.00296028
0.3252 0.0134763 0.00969557
0.3263 0.0143418 -0.00461694
0.3274 -0.00363571 -0.00195186
0.3285 -0.00554062 -0.0211689
0.3296 -0.0257316 0.0115917
0.3307 -0.022109 0.025269
0.3318 -0.0207614 0.0261477
0.3329 -0.0397261 0.0317269
0.334 -0.0338356 0.00844775
0.3351 0.0448756 -0.018808
0.3362 0.0405646 0.00578686
0.3373 0.0213673 -0.000817431
0.3384 0.0169374 -0.0093367
0.3395 -0.00208045 0.00887005
0.3406 -0.0147014 0.0194837
0.3417 -0.00791489 0.00643547
0.3428 -0.0173553 0.0170391
0.3439 -0.0319399 0.0101048
0.345 -0.0121263 -0.00579778
0.3461 -0.0029276 -0.00118984
0.3472 0.00834024 0.0123853
0.3483 0.0162635 0.00810443
0.3494 0.0607916 -0.00941598
0.3505 0.0561503 -0.0152565
0.3516 -0.0277082 0.0194576
0.3527 0.0145483 0.0413582
0.3538 0.0406624 0.0150196
0.3549 -0.0628337 0.0233045
0.356 -0.0234969 5.08157e-05
0.3571 0.00623877 0.0111225
0.3582 -0.000244341 -0.00668946
0.3593 0.0112531 -0.0157912
0.3604 0.0455925 -0.0296978
0.3615 -0.00627076 0.0221692
0.3626 -0.0085631 0.0370369
0.3637 0.011616 0.0024003
0.3648 0.0186114 0.017997
0.3659 -0.0336268 0.0149277
0.367 -0.0126747 0.00482306
0.3681 0.0332057 0.00544558
0.3692 0.0093274 0.00877074
0.3703 0.0117065 -0.000378137
0.3714 0.00882023 0.00846152
0.3725 -0.0156345 0.0115079
0.3736 0.00220115 0.00543068
0.3747 0.0365787 -0.00798072
0.3758 -0.00292393 0.00598377
0.3769 -0.01504 -0.000868187
0.378 -0.0749068 0.0155472
0.3791 0.00758255 -0.0127389
0.3802 0.027819 -0.0080771
0.3813 0.0132798 0.00984766
0.3824 0.0182203 0.00811893
0.3835 0.0019666 0.0049812
0.3846 -0.0147482 0.00870343
0.3857 0.023311 -1.79616e-06
0.3868 0.0130562 0.000576016
0.3879 -0.000327566 0.0239647
0.389 -0.0126667 0.0205281
0.3901 -0.0213267 0.0100743
0.3912 0.00363173 0.000448768
0.3923 0.0267268 -0.00280495
0.3934 0.0073639 -0.000809656
0.3945 0.0102384 -0.00151184
0.3956 0.014166 -0.00332859
0.3967 -0.00594494 -0.000606376
0.3978 -0.00389289 -0.000779244
0.3989 -0.00162468 0.00103444
0.4 -0.0477406 0.0254891
0.4011 -0.0170303 0.0189459
0.4022 -0.0104171 0.0156924
0.4033 -0.00295525 0.027851
0.4044 0.0512635 -0.0102329
0.4055 0.0202845 0.00295921
0.4066 0.0299682 0.00354638
0.4077 0.0201224 -0.00164817
0.4088 0.00753638 -0.00625438
0.4099 -0.00144292 -0.000420315
0.411 -0.00216129 0.00743815
0.4121 -0.0193392 0.0126304
0.4132 -0.0262214 0.00499125
0.4143 -0.0117918 0.00274056
0.4154 0.0123535 -0.0018083
0.4165 0.0212937 0.00113968
0.4176 0.0259221 -0.000741428
0.4187 0.0190725 0.00489369
0.4198 0.0209438 -0.00149074
0.4209 0.00802957 0.00704365
0.422 -0.00714656 0.00680349
0.4231 -0.0167362 0.0119888
0.4242 -0.0221405 0.00629932
0.4253 -0.0213255 0.00181748
0.4264 -0.011751 0.0072732
0.4275 0.0020739 0.00524443
0.4286 0.0133263 0.000654397
0.4297 0.0202588 -0.000807219
0.4308 0.00508679 -0.0134192
0.4319 0.00736557 -0.00310838
0.433 0.00150335 0.0114113
0.4341 -0.00483493 0.00961248
0.4352 0.000816761 0.00965051
0.4363 -0.00943082 0.0190975
0.4374 -0.0143806 0.0172872
0.4385 -0.00277865 0.0150278
0.4396 0.00282888 0.0112754
0.4407 -0.00252563 -0.00636289
0.4418 0.0134605 -0.00303171
0.4429 0.0204306 -0.00094177
0.444 0.00667531 0.0197311
0.44505 -0.0153121 0.011226
0.4461 0.000409938 0.0154978
0.4472 -0.00651783 0.0131273
0.4483 -0.00533463 0.00302423
0.4494 -0.00976925 0.00396021
0.4505 0.0105464 0.00944952
0.4516 -0.00335553 0.00807937
0.4527 -0.000206759 0.00745143
0.4538 -0.0113457 4.96431e-05
0.4549 0.0395236 -0.012828
0.456 0.0790658 -0.0175839
0.4571 0.0359222 0.0153802
0.4582 -0.0257344 0.0058705
0.4593 -0.0475485 0.00644362
0.4604 -0.0322366 -0.000498644
0.4615 0.0122439 0.00868371
0.4626 -0.00599031 0.00872586
0.4637 -0.00466801 0.00597143
0.4648 0.00985128 0.00506924
0.4659 0.00799234 0.00463589
0.467 0.000872117 -0.000705248
0.4681 0.0520246 -0.0061006
0.4692 0.0308933 0.00064114
0.4703 -0.0156875 0.0354227
0.4714 -0.0254528 0.00420036
0.4725 -0.0282003 0.00632761
0.4736 0.000154297 0.00485654
0.4747 -0.00684666 0.00331638
0.4758 -0.0287186 0.0377523
0.4769 0.0266193 -0.00964884
0.478 0.0424768 -0.00787558
0.4791 0.0300465 0.0036063
0.4802 0.0107596 0.00609971
0.4813 -0.011826 0.0146372
0.4824 0.0288321 0.000403805
0.4835 -0.00469972 0.0135046
0.4846 -0.0139704 0.0113417
0.4857 -0.0252868 0.0164528
0.4868 -0.0183875 0.01192
0.4879 -0.00199861 0.000812056
0.489 0.0019953 -0.00102582
0.4901 0.0346126 0.00430368
0.4912 0.00296912 0.0126406
0.4923 0.00657402 0.0165016
0.4934 0.0069431 0.00799665
0.4945 -0.00789405 0.00822729
0.4956 -0.00210599 0.0101421
0.4967 0.00854997 0.00721204
0.4978 -0.0149536 0.0103762
0.4989 -0.0178651 0.00708043
0.5 -0.00442832 0.00743459
0.5011 -0.00308009 0.0074409
0.5022 0.0972361 0.0884492
0.5033 0.0778734 -0.00410711
0.5044 0.0417435 -0.0269015
0.5055 0.0120461 0.0262519
0.5066 -0.00880585 0.00889066
0.5077 0.0141792 0.00125878
0.5088 0.00299349 0.000538904
0.5099 0.000600888 0.00456039
0.511 0.00413233 0.000935835
0.5121 -0.00286502 0.00221338
0.5132 0.01189 -0.00297016
0.5143 0.0175537 0.0056283
0.5154 0.0156616 0.000479336
0.5165 0.0506306 -0.015906
0.5176 0.0193772 0.000898175
0.5187 0.00646883 0.00155659
0.5198 0.00959411 0.0178964
0.5209 -0.0244161 0.0207322
0.522 0.0128451 0.0109558
0.5231 0.000328051 0.018925
0.5242 -0.0261911 -0.00175839
0.5253 0.0245673 -0.00212965
0.5264 0.0121373 0.0012269
0.5275 0.0950447 0.0135151
0.5286 -9.09339e-05 0.0162212
0.5297 0.0289516 -0.00899805
0.5308 0.00540179 0.000951289
0.5319 -0.0384651 0.00735704
0.533 0.0390521 0.000916155
0.5341 -0.0107558 0.0178227
0.5352 -0.0293183 0.0188138
0.5363 0.00684301 0.00368516
0.5374 0.0140331 -0.00438955
0.5385 0.00551234 0.0035053
0.5396 0.0287263 -0.00198227
0.5407 0.0329275 -0.00271174
0.5418 0.0434109 -0.0121326
0.5429 0.0176428 0.0226291
0.544 0.00976689 -0.000158902
0.5451 -0.0107804 0.00857608
0.5462 -0.00656074 0.0120277
0.5473 -0.00505749 0.00504248
0.5484 -0.00528057 -0.00862648
0.5495 0.0254778 0.0258322
0.5506 -0.0163177 0.0238925
0.5517 0.00309664 -0.0122993
0.5528 0.0283575 -0.0129954
0.5539 0.0409049 -0.0116021
0.555 0.0435332 -0.00892333
0.5561 0.00312905 0.00533902
0.5572 -0.0290655 0.011565
0.5583 0.0085397 -0.0127214
0.5594 0.0278234 -0.00675679
0.5605 -0.0119384 0.0097232
0.5616 -0.00566377 0.0182766
0.5627 -0.00321536 0.011617
0.5638 0.0125621 -0.00662614
0.5649 0.0220634 -0.0130876
0.566 0.0109637 -2.54875e-05
0.5671 0.0160212 0.00197945
0.5682 0.00916659 -0.00250501
0.5693 -0.00568608 0.0148369
0.5704 -0.022738 0.0119454
0.5715 -0.00819155 0.006906
0.5726 0.00448325 0.00531667
0.5737 -0.0174995 0.00781972
0.5748 0.0265929 -0.00660332
0.5759 0.00645622 0.00750235
0.577 0.0308003 -0.00011913
0.5781 0.00223988 0.0117942
0.5792 0.0410266 -0.000948441
0.5803 0.0207204 0.000941493
0.5814 -0.000873504 0.0333102
0.5825 -0.00608419 0.00167908
0.5836 -0.00112525 -0.0155446
0.5847 0.0116747 0.00856386
0.5858 0.0113733 0.00849848
0.5869 0.0183666 0.00242678
0.588 0.00743473 0.00322128
0.5891 0.0443116 0.0271906
0.5902 0.0389415 -0.00459725
0.5913 0.0311112 -0.00573503
0.5924 0.021858 0.0236969
0.5935 0.0213079 0.00216926
0.5946 -0.00106354 0.000100156
0.5957 0.0151807 -0.000551823
0.5968 0.0215812 -1.21546e-05
0.5979 0.0109745 -0.00562861
0.599 0.0104366 -0.00407165
0.6001 0.0161116 -0.0153306
0.6012 0.0263182 -0.0111014
0.6023 0.0248908 -0.00530443
0.6034 0.0202429 -0.000810378
0.6045 -0.0133658 -0.0163006
0.6056 0.00235749 -0.0306699
0.6067 0.0403562 -0.0155142
0.6078 0.0502085 -0.0328393
0.6089 -0.00462817 0.0618013
0.61 -0.0667769 0.0424299
0.6111 -0.0820409 0.00278493
0.6122 -0.0621027 0.0180193
0.6133 -0.0352686 0.0595911
0.6144 0.0489889 0.0276686
0.6155 0.0400514 -0.022479
0.6166 0.0533014 -0.0541519
0.6177 0.0805547 -0.0427772
0.6188 0.00146027 0.0290805
0.6199 0.0332169 0.00341703
0.621 0.0400827 0.0214331
0.6221 0.0236031 0.00780751
0.6232 -0.181424 0.0331263
0.6243 -0.0311893 -0.0191494
0.6254 0.0369648 0.00224538
0.6265 0.0865026 -0.0354612
0.6276 0.0771942 -0.0566293
0.6287 0.0123592 -0.0413304
0.6298 0.0189234 0.0129059
0.6309 0.0258245 0.0209598
0.632 0.0276387 0.00463336
0.6331 -0.00954176 0.0120694
0.6342 -0.0230701 0.00754825
0.6353 -0.0992548 0.0300372
0.6364 -0.0308449 0.0353925
0.6375 0.0393829 0.0146656
0.6386 0.0647629 -0.0337377
0.6397 0.0102289 -0.00754502
0.6408 -0.0185028 -0.00769201
0.6419 -0.0407646 -0.0035616
0.643 -0.0494459 -0.0162547
0.6441 -0.0183775 -0.000373811
0.6452 -0.0288363 -0.00188841
0.6463 -0.0680434 0.00552821
0.6474 -0.0417552 0.00278638
0.6485 0.00458567 0.00483422
0.6496 0.0261911 0.00239968
0.6507 0.0293205 -0.00498217
0.6518 0.0118968 -0.000506411
0.6529 0.00100714 0.0200625
0.654 -0.00140763 0.00032879
0.65505 0.00343258 0.00783822
0.6561 0.00452586 0.00453376
0.6572 0.00461611 -0.0118456
0.6583 0.0359384 -0.00830032
0.6594 0.0442095 -0.011855
0.6605 0.0459392 -0.00686361
0.6616 0.0327445 -0.0164513
0.6627 0.0454118 -0.0180796
0.6638 0.02688 -0.00761577
0.6649 0.0256604 -0.00535024
0.666 0.0143002 0.000115175
0.6671 -0.00424362 0.000484539
0.6682 0.00798757 -0.00372076
0.66925 0.00779345 -0.000388075
0.6703 0.0154817 0.0102451
0.6714 0.0150623 0.00604597
0.6725 0.007956 0.00658846
0.6736 -0.00759644 0.00310128
0.6747 -0.00575135 -5.50784e-05
0.6758 -0.0306431 0.0106707
0.6769 -0.0296361 -0.00472165
0.678 -0.0377859 -0.000677269
0.6791 -0.0340742 -0.0169548
0.6802 -0.0217165 -0.00765803
0.6813 -0.0143742 -0.011722
0.6824 -0.0106642 -0.00639362
0.6835 0.002667 -0.00488048
0.6846 0.0101936 -0.000428144
0.6857 0.00368803 0.000527498
0.6868 0.000529576 0.00402874
0.6879 -0.0117288 0.00498737
0.689 -0.0088985 0.00409842
0.6901 0.00720167 0.00442999
0.6912 0.00517094 0.00570056
0.6923 0.00263655 0.00166697
0.6934 0.0136628 -0.00602986
0.6945 0.036353 -0.0120818
0.6956 0.0270287 -0.010772
0.6967 0.0218675 -0.011407
0.6978 0.00906093 -0.00653513
0.6989 -0.00362564 -0.00729541
0.7 0.00555071 -0.00688234
0.7011 0.00631688 -0.00161106
0.7022 0.00753549 0.00286785
0.7033 6.1252e-05 -0.00320651
0.7044 -0.00401492 0.00511476
0.7055 -0.0118403 0.00586533
0.7066 -0.00720486 0.00828053
0.7077 -0.0153324 0.00533376
0.7088 -0.0178863 0.000822198
0.7099 -0.0144758 -0.00675975
0.711 -0.0185926 -0.00346701
0.7121 -0.0364912 -0.0052084
0.7132 -0.0255817 -0.00411544
0.7143 -0.0193271 -0.0116303
0.7154 -0.00749443 -0.00554575
0.7165 -0.0177077 -0.00247987
0.7176 -0.00998898 -0.00187071
0.7187 -0.0109379 0.00611895
0.7198 -0.0113405 -0.010214
0.7209 -0.00227871 0.00224273
0.722 -0.00211014 0.0041066
0.7231 -0.0141953 0.000555594
0.7242 0.0114319 0.0102969
0.7253 0.0208008 -0.00210505
0.7264 0.00182587 -0.00231351
0.7275 -0.00396119 -0.00152983
0.7286 0.000509901 -0.00491536
0.7297 -0.0010835 -0.00134815
0.7308 0.0302083 -0.00253396
0.7319 0.0150825 -0.00949403
0.733 -0.00615504 -0.00505653
0.7341 -0.00501038 -0.000962819
0.7352 -0.00945803 -0.000777757
0.7363 0.00842072 0.00720361
0.7374 0.0102695 0.0048861
0.7385 -0.00940625 0.00432598
0.7396 -0.0223895 0.00438946
0.7407 -0.0178083 0.00248533
0.7418 -0.0109521 0.0044788
0.7429 -0.0174541 -0.00653602
0.744 -0.0105345 0.00724935
0.7451 0.00194481 -0.00391805
0.7462 -0.0064364 -0.00350038
0.7473 -0.00899597 -0.00549978
0.7484 -0.0222053 -0.00499611
0.7495 -0.0134796 -0.00169184
0.7506 -0.00926547 -0.00344371
0.7517 -0.0254066 0.00100875
0.7528 -0.0274371 -0.00423104
0.7539 -0.000917452 0.00842135
0.755 0.026945 0.00332495
0.7561 0.0129954 0.00258634
0.7572 0.0137049 0.00490163
0.7583 0.00958321 0.00249222
0.7594 0.00664656 0.00459434
0.7605 0.0107956 -0.000571859
0.7616 0.000294978 -0.00306018
0.7627 -0.0114865 -0.00383847
0.7638 -0.000198067 -0.00395542
0.7649 0.00457317 -0.000502925
0.766 0.0130628 -0.00492278
0.7671 0.0141938 -0.00313233
0.7682 0.0104549 0.00161593
0.7693 0.00502804 -0.00242474
0.7704 -0.00137901 0.00724859
0.7715 -0.00614914 0.00123628
0.7726 -0.0114411 0.00399518
0.7737 -0.0166626 0.00332693
0.7748 -0.0182671 0.00466574
0.7759 -0.0114905 0.00105339
0.777 -0.00159634 0.00011855
0.7781 -0.00353208 -0.00148512
0.7792 0.00188163 -0.00335812
0.7803 0.00709681 -0.00277517
0.7814 0.000164156 -0.00281424
0.7825 -0.00808445 -0.000181287
0.7836 0.00118734 -0.00598965
0.7847 0.00119322 0.00447645
0.7858 -0.000582316 0.00188644
0.78685 0.00596178 0.00380134
0.7879 0.00849368 -0.000157207
0.789 0.0202247 -0.000843517
0.7901 0.0307589 -0.00236315
0.7912 0.0302831 0.00406116
0.7923 0.0323795 5.39461e-05
0.7934 0.0194284 -0.00211009
0.7945 -0.00569843 -0.00376427
0.7956 -0.0128204 -0.00030235
0.7967 -0.00316952 -0.00426059
0.7978 0.00200457 0.00278192
0.7989 -0.00569249 -0.007682
0.8 0.000320223 -0.00453904
0.8011 0.00658337 -0.00185247
0.8022 0.0166372 -0.00349705
0.8033 0.000388146 0.00613734
0.8044 -0.0206964 0.00867247
0.8055 -0.0165412 0.0112751
0.8066 -0.0069058 0.00586654
0.8077 -0.00686246 -0.00289124
0.8088 0.00153314 -0.0027131
0.8099 1.95852e-05 0.003645
0.811 0.00934074 0.000980754
0.8121 0.0195244 -0.00551525
0.8132 0.02657 -0.00993209
0.8143 0.0114566 -0.00878886
0.8154 0.00159615 -0.0017205
0.8165 0.00838865 0.00119397
0.8176 0.0153745 -0.00104064
0.8187 0.0153506 -0.00192301
0.8198 0.0157615 -0.000319139
0.8209 0.0124043 0.00475221
0.822 0.0157379 0.00445611
0.8231 0.0172006 0.00231238
0.8242 0.0124315 -0.00013062
0.8253 0.00105075 -0.000185863
0.8264 -0.00332656 0.00144313
0.8275 -0.00740065 0.000900487
0.8286 -0.00636952 -0.0025501
0.8297 -0.00459486 -0.00372066
0.8308 -0.00609505 -0.00371332
0.8319 -0.00315444 -0.00170153
0.833 -0.00090807 0.00111272
0.8341 -0.00367525 0.000448216
0.8352 -0.00530844 0.00165331
0.8363 -0.00730504 0.00190171
0.8374 -0.00873893 0.00107259
0.8385 -0.00480032 0.00375099
0.8396 -0.00146596 0.00721301
0.8407 -0.0019476 -0.000339734
0.8418 0.00189118 0.000200804
0.8429 0.0049642 -0.000857381
0.844 0.0100003 -0.00102219
0.8451 0.00641756 -0.000705954
0.8462 0.00718086 -0.00317369
0.8473 0.00655699 -0.00485533
0.8484 0.00657752 -0.00218765
0.8495 0.00564404 -0.000902831
0.8506 0.00385812 -0.000435677
0.8517 0.00680613 0.00273056
0.8528 0.00183541 0.00239074
0.8539 0.000874158 0.00197978
0.855 -0.00405039 0.00326144
0.8561 -0.00183897 0.00105779
0.8572 0.000925315 0.00527342
0.8583 -0.000605625 0.00122398
0.8594 -0.011401 0.00226108
0.8605 -0.0125139 -0.00345608
0.8616 -0.0164102 -0.00229484
0.8627 -0.0120336 -0.001944
0.8638 -0.00665783 -0.00254165
0.8649 -0.0106654 -0.00464111
0.866 -0.00863624 -0.001222
0.8671 -0.00550344 -0.00169608
0.8682 -0.00651371 0.00157735
0.8693 -0.00907407 0.00157051
0.8704 -0.00840499 0.000911972
0.8715 -0.00731041 0.00219983
0.8726 -0.00481797 0.0025029
0.8737 -0.0069177 0.00224842
0.8748 -0.00332731 0.00210911
0.8759 0.00289176 0.000691352
0.877 -0.000697072 -0.00232026
0.8781 -0.00158078 -0.00220344
0.8792 0.00162961 -0.00403584
0.8803 0.00563627 -0.000493912
0.8814 0.0188573 -0.00373447
0.8825 0.00385836 0.00466334
0.8836 -0.00901943 -0.00372197
0.8847 -0.00786513 0.00139799
0.8858 -0.00595758 0.00115867
0.8869 -0.00424923 0.00334213
0.888 -0.00497843 0.00152046
0.8891 -0.00853511 0.00179304
0.8902 -0.0105696 0.000774762
0.8913 -0.0032404 0.000147555
0.8924 -0.00263254 -0.000797823
0.8935 -0.00459833 -0.00211459
0.8946 -0.0122653 -0.0021092
0.8957 -0.0162042 -0.00415546
0.8968 -0.0143408 -0.00177405
0.8979 -0.0084431 -0.00066315
0.899 -0.0133156 -0.00115274
0.9001 -0.00221627 0.00025561
0.9012 -0.00967147 0.000875018
0.9023 -0.00933398 0.00131059
0.9034 -0.00466524 0.00205257
0.9045 -0.00205461 0.00145408
0.9056 -0.0056973 0.00158882
0.9067 -0.0040107 0.00111935
0.9078 -0.00448576 0.00148999
0.9089 -0.0015633 -0.00215229
0.91 0.00483475 -0.00020144
0.9111 0.00676794 -0.00116278
0.9122 0.00636636 -0.0011906
0.9133 0.00643325 -0.00142466
0.9144 0.00603224 -0.00193882
0.9155 0.00536942 0.00237327
0.9166 0.00243459 0.000289979
0.9177 -0.00199006 0.000896147
0.9188 -0.00293052 0.000964977
0.9199 0.00284578 0.00115309
0.921 0.00452051 0.00190462
0.9221 0.00596592 0.00162343
0.9232 -0.000754411 7.67478e-05
0.9243 -0.00769995 -0.00123833
0.9254 -0.00693664 0.000116792
0.9265 -0.00949942 -0.000482848
0.9276 -0.0101252 -3.46732e-05
0.9287 -0.0141323 -0.00100342
0.9298 -0.0113905 -0.00198838
0.9309 -0.00305468 0.000114575
0.932 -0.00159781 -5.07144e-05
0.9331 0.00922339 0.000657761
0.9342 -0.00199468 0.00242599
0.9353 -0.0011089 0.000576433
0.9364 -0.00173728 0.00149404
0.9375 0.00124699 0.000735533
0.9386 -0.006404 0.00516238
0.9397 0.00463768 0.000961948
0.9408 0.00514182 -0.000923447
0.9419 0.00642964 -0.00207791
0.943 0.0157526 -0.00434028
0.9441 0.0134204 0.00158828
0.9452 0.0167202 -0.00244556
0.9463 0.0104627 -0.00272387
0.9474 0.00346212 -0.00197807
0.9485 0.00746102 -0.00102453
0.9496 0.00281238 0.00307472
0.9507 0.00725927 0.000939833
0.9518 0.00827796 0.000127404
0.9529 0.00301233 -0.00225837
0.954 0.0034245 0.000772089
0.9551 0.00715784 0.00176129
0.9562 0.000625155 0.00181416
0.9573 -0.00345335 -0.000512314
0.9584 -0.0095828 -0.00042178
0.9595 -0.00768159 -0.000540355
0.9606 -0.00129793 -0.000324271
0.9617 -5.25593e-05 0.000325561
0.9628 -0.00120435 -0.000641213
0.9639 0.00788355 -0.00224841
0.965 0.00310527 -0.000205878
0.9661 0.00919876 0.00120597
0.9672 0.00819244 0.00173936
0.9683 -0.000549753 0.000467174
0.9694 0.0022181 0.00131234
0.9705 0.0058904 -0.00292033
0.9716 0.0223326 0.00123741
0.9727 0.0156845 -0.000996848
0.97375 0.0110016 -0.00114817
0.9748 0.00862328 -0.00213117
0.9759 0.00574201 -0.0024903
0.977 0.00601255 -0.00215966
0.9781 0.00804095 -0.000424116
0.9792 0.00259828 0.000185227
0.9803 0.00697968 -0.00167996
0.9814 0.00766789 -0.00252087
0.9825 0.0116576 0.0010002
0.9836 0.00452894 0.00199233
0.9847 -0.00195502 0.00444031
0.9858 -0.00238627 -0.000878081
0.9869 -0.00584525 -0.000800741
0.988 0.00616469 0.000176002
0.9891 0.00467324 0.00248601
0.9902 0.00381068 0.000257675
0.9913 -0.00167368 -0.000713491
0.9924 0.00207259 -0.00225387
0.9935 0.00211622 -0.000886761
0.9946 0.000269278 -0.000286742
0.9957 -0.000865421 0.000269251
0.9968 0.00101335 0.0010539
0.9979 0.00302564 -0.00165964
0.999 0.00767063 -0.000143715
1.0001 0.00833144 0.000590169
