0 0
0.001 0
0.002 0
0.0031 0
0.0042 0
0.0052 0
0.0062 0
0.0072 0
0.0082 0
0.0093 0
0.0104 0
0.0115 0
0.0126 0
0.0137 0
0.0148 0
0.0159 0
0.017 0
0.0181 0
0.0192 0
0.0203 0
0.0214 0
0.0225 0
0.0236 0
0.0247 0
0.0258 0
0.0269 0
0.028 0
0.0291 0
0.0302 0
0.0313 0
0.0323 0
0.0333 0
0.0343 0
0.0353 0
0.0363 0
0.0373 0
0.0383 0
0.0393 0
0.0403 0
0.0413 0
0.0423 0
0.0433 0
0.0443 0
0.0453 0
0.0463 0
0.0473 0
0.0483 0
0.0493 0
0.0503 0
0.0513 0
0.0523 0
0.0533 0
0.0543 0
0.0553 0
0.0563 0
0.0573 0
0.0583 0
0.0593 0
0.0603 0
0.0613 0
0.0623 0
0.0633 0
0.0643 0
0.0653 0
0.0663 0
0.0673 0
0.0683 0
0.0693 0
0.0703 0
0.0713 0
0.0723 0
0.0733 0
0.0743 0
0.0753 0
0.0763 0
0.0773 0
0.0783 0
0.0793 0
0.0803 0
0.0813 0
0.0823 0
0.0833 0
0.0843 0
0.0853 0
0.0863 0
0.0873 0
0.0883 0
0.0893 0
0.0903 0
0.0913 0
0.0923 0
0.0933 0
0.0943 0
0.0953 0
0.0963 0
0.0973 0
0.0983 0
0.0993 0
0.1003 0
0.1013 0
0.1023 0
0.1033 0
0.1043 0
0.1053 0
0.1063 0
0.1073 0
0.1083 0
0.1093 0
0.1103 0
0.1113 0
0.1123 0
0.1133 0
0.1143 0
0.1153 0
0.1163 0
0.1173 0
0.1183 0
0.1193 0
0.1203 0
0.1213 0
0.1223 0
0.1233 0
0.1243 0
0.1253 0
0.1264 0
0.1275 0
0.1286 0
0.1297 0
0.1308 0
0.1319 0
0.133 0
0.1341 0
0.1352 0
0.1363 1.02296e-09
0.1374 -1.03987e-06
0.1385 8.98663e-06
0.1396 -9.23394e-06
0.1407 -2.49183e-05
0.1418 -2.08267e-05
0.1429 -9.0748e-06
0.144 7.98546e-06
0.1451 2.6045e-05
0.1462 -6.46712e-05
0.1473 -0.000170762
0.1484 -0.000179067
0.1495 -0.000134235
0.1506 -0.00011788
0.1517 -9.95627e-05
0.1528 -6.67974e-05
0.1539 -6.36622e-06
0.155 7.63545e-05
0.1561 0.000143313
0.1572 0.000203426
0.1583 0.000305255
0.1594 0.000493865
0.1605 0.000732954
0.1616 0.000814123
0.1627 0.000875841
0.1638 0.00106647
0.1649 0.00138146
0.166 0.00185481
0.1671 0.00245107
0.1682 0.00313119
0.1693 0.00365935
0.1704 0.00410455
0.1715 0.00464079
0.1726 0.0052778
0.1737 0.00602198
0.1748 0.006729
0.1759 0.00733806
0.177 0.00786636
0.1781 0.00842687
0.1792 0.00892749
0.1803 0.00937473
0.1814 0.00995488
0.1825 0.0106714
0.1836 0.0114109
0.1847 0.0121706
0.1858 0.0129693
0.1869 0.0137733
0.188 0.0144929
0.1891 0.015152
0.1902 0.0158709
0.1913 0.0166774
0.1924 0.0175019
0.1935 0.0183435
0.1946 0.0191715
0.1957 0.0198946
0.1968 0.0205197
0.1979 0.0211078
0.199 0.021625
0.2001 0.022022
0.2012 0.0224209
0.2023 0.0228388
0.2034 0.0232818
0.20445 0.0237021
0.2055 0.024094
0.2066 0.0244499
0.2077 0.0247681
0.2088 0.0250163
0.2099 0.0252437
0.211 0.0255243
0.2121 0.0258846
0.2132 0.0263024
0.2143 0.0267039
0.2154 0.0271025
0.2165 0.0274456
0.2176 0.0277226
0.2187 0.0279377
0.2198 0.0281706
0.2209 0.0284485
0.222 0.0287105
0.2231 0.028988
0.2242 0.0292131
0.2253 0.0293624
0.2264 0.0294053
0.2275 0.0294115
0.2286 0.0294525
0.2297 0.0294739
0.2308 0.029412
0.23185 0.029362
0.2329 0.0293401
0.234 0.0292973
0.2351 0.0292246
0.2362 0.0291688
0.2373 0.0291429
0.2384 0.0291012
0.2395 0.0290473
0.2406 0.0290031
0.2417 0.0289631
0.2428 0.0289061
0.2439 0.0288647
0.245 0.0288059
0.2461 0.0287138
0.2472 0.0286395
0.2483 0.0285834
0.2494 0.028494
0.2505 0.0283822
0.2516 0.0282416
0.2527 0.0281239
0.2538 0.0279768
0.2549 0.0277352
0.256 0.0274775
0.2571 0.0272138
0.2582 0.0269277
0.2593 0.0266424
0.2604 0.0263644
0.2615 0.0261197
0.2626 0.0259069
0.2637 0.0257155
0.2648 0.025521
0.2659 0.0252467
0.267 0.024952
0.2681 0.0247122
0.2692 0.0245324
0.2703 0.0243512
0.2714 0.0242195
0.2725 0.0240938
0.2736 0.0239347
0.2747 0.023723
0.2758 0.0234792
0.2769 0.0232439
0.278 0.0230505
0.2791 0.0228622
0.2802 0.0226461
0.2813 0.022442
0.2824 0.0222019
0.2835 0.0218745
0.2846 0.0214588
0.2857 0.0210563
0.2868 0.0207274
0.2879 0.0204131
0.289 0.0200578
0.2901 0.019721
0.2912 0.0194318
0.2923 0.0191487
0.2934 0.0188646
0.2945 0.0186207
0.2956 0.018426
0.2967 0.0182559
0.2978 0.0180915
0.2989 0.0179437
0.3 0.0178226
0.3011 0.0176902
0.3022 0.0175473
0.3033 0.0173883
0.3044 0.0172313
0.3055 0.0170543
0.3066 0.0168661
0.3077 0.0166564
0.3088 0.0164175
0.3099 0.0161353
0.311 0.0158213
0.3121 0.015505
0.3132 0.0151908
0.3143 0.0148741
0.3154 0.0145301
0.3165 0.0141061
0.3176 0.0136942
0.3187 0.0133686
0.3198 0.0131338
0.3209 0.0129603
0.322 0.0128466
0.3231 0.012775
0.3242 0.0127028
0.3253 0.0126352
0.3264 0.01259
0.3275 0.01259
0.3286 0.0126453
0.3297 0.012722
0.3308 0.0127569
0.3319 0.0127535
0.333 0.0127079
0.3341 0.0126116
0.3352 0.0124721
0.3363 0.0122705
0.3374 0.0120352
0.3385 0.0117865
0.3396 0.0115185
0.3407 0.0112155
0.3418 0.0109372
0.3429 0.0106519
0.344 0.0103453
0.3451 0.0100622
0.3462 0.0098473
0.3473 0.00969668
0.3484 0.00958083
0.3495 0.00951028
0.3506 0.00948163
0.3517 0.00948456
0.3528 0.0095045
0.3539 0.00955533
0.355 0.00964313
0.3561 0.00977471
0.3572 0.00993328
0.3583 0.0100901
0.3594 0.0102124
0.3605 0.0102673
0.3616 0.0102639
0.3627 0.0102354
0.3638 0.0101829
0.3649 0.0101029
0.366 0.0100236
0.3671 0.00994165
0.3682 0.0098316
0.3693 0.00968342
0.3704 0.00952081
0.3715 0.0093688
0.3726 0.00921334
0.3737 0.00907197
0.3748 0.00900924
0.3759 0.00899595
0.377 0.00902449
0.3781 0.00909169
0.3792 0.00919734
0.3803 0.00933034
0.3814 0.00947793
0.3825 0.00965617
0.3836 0.00986686
0.3847 0.0100791
0.3858 0.0102749
0.3869 0.0104397
0.388 0.01056
0.3891 0.0106112
0.3902 0.0105798
0.3913 0.0104496
0.3924 0.0102236
0.3935 0.00995106
0.3946 0.00976286
0.3957 0.00958761
0.3968 0.00943278
0.3979 0.009284
0.399 0.00913868
0.4001 0.0089905
0.4012 0.00885077
0.4023 0.00878525
0.4034 0.0088109
0.4045 0.00889686
0.4056 0.0090426
0.4067 0.00923082
0.4078 0.00944696
0.4089 0.0096687
0.41 0.00988944
0.4111 0.0101058
0.4122 0.0102821
0.4133 0.0104168
0.4144 0.0105192
0.4155 0.0105897
0.4166 0.0106124
0.4177 0.0105869
0.4188 0.0105068
0.4199 0.0103817
0.421 0.0102198
0.4221 0.0100304
0.4232 0.00986448
0.4243 0.00971186
0.4254 0.0095602
0.4265 0.00941018
0.4276 0.00928278
0.4287 0.0091947
0.4298 0.00915048
0.4309 0.00914435
0.432 0.00919815
0.4331 0.00930487
0.4342 0.00943845
0.4353 0.00958731
0.4364 0.00972104
0.4375 0.00982754
0.4386 0.00992716
0.4397 0.0100298
0.4408 0.0101167
0.4419 0.0101685
0.443 0.0101747
0.4441 0.0101175
0.4452 0.00999315
0.4463 0.00979687
0.4474 0.00954476
0.4485 0.00931387
0.4496 0.00910304
0.4507 0.00893831
0.4518 0.00879139
0.4529 0.00865883
0.454 0.00853876
0.4551 0.00842169
0.4562 0.00831811
0.4573 0.00821794
0.4584 0.0081474
0.4595 0.00815819
0.4606 0.00821405
0.4617 0.00830632
0.4628 0.00842572
0.4639 0.00855309
0.465 0.00867129
0.4661 0.00875767
0.4672 0.00881885
0.4683 0.00886276
0.4694 0.00888978
0.4705 0.0088916
0.4716 0.00885649
0.4727 0.00878215
0.4738 0.008663
0.4749 0.00850325
0.476 0.00830841
0.4771 0.00808906
0.4782 0.00787816
0.4793 0.00769493
0.4804 0.00754296
0.4815 0.00740844
0.4826 0.0072936
0.4837 0.00718551
0.4848 0.00710756
0.4859 0.00706609
0.487 0.0070619
0.4881 0.0071062
0.4892 0.00719687
0.4903 0.00730776
0.4914 0.00741457
0.4925 0.00751551
0.4936 0.00760842
0.4947 0.00768234
0.4958 0.00772418
0.4969 0.00776011
0.498 0.00778752
0.4991 0.00778589
0.5002 0.00773774
0.5013 0.00762479
0.5024 0.00746975
0.5035 0.00730273
0.5046 0.00714099
0.5057 0.00698566
0.5068 0.0068397
0.5079 0.00671409
0.509 0.00662093
0.5101 0.00655987
0.5112 0.00650372
0.5123 0.00646879
0.5134 0.00647593
0.5145 0.0065244
0.5156 0.00660544
0.5167 0.00671788
0.5178 0.0068562
0.5189 0.00700768
0.52 0.00714237
0.52105 0.00724431
0.5221 0.00732568
0.52315 0.00739612
0.5242 0.00744985
0.5253 0.00747771
0.5264 0.00748478
0.5275 0.00747308
0.5286 0.00743144
0.529625 0.00736387
0.5307 0.00726383
0.5318 0.00714499
0.53285 0.00702763
0.5339 0.00692596
0.535 0.00684765
0.5361 0.00680025
0.5372 0.00677018
0.5383 0.00674903
0.5394 0.00674206
0.5405 0.00675278
0.5416 0.00679372
0.5427 0.00686992
0.5438 0.00697946
0.5449 0.00711855
0.546 0.00725635
0.5471 0.00737032
0.5482 0.00746513
0.5493 0.00755608
0.5504 0.00763375
0.5515 0.0076831
0.5526 0.0077248
0.5537 0.00775555
0.5548 0.00774721
0.5559 0.0076749
0.557 0.00756804
0.5581 0.00747215
0.5592 0.00738876
0.5603 0.00730277
0.5614 0.00720817
0.5625 0.00713344
0.5636 0.00708261
0.5647 0.00703466
0.5658 0.00698546
0.5669 0.00696882
0.568 0.00698178
0.5691 0.00702521
0.5702 0.00713066
0.5713 0.00725234
0.5724 0.00737845
0.5735 0.00751652
0.5746 0.00764609
0.5757 0.00773783
0.5768 0.00780348
0.5779 0.00788289
0.579 0.00797034
0.5801 0.00801556
0.5812 0.00799433
0.5823 0.00796688
0.5834 0.00793362
0.5845 0.00788934
0.5856 0.00784055
0.5867 0.00776306
0.5878 0.00766562
0.5889 0.00758063
0.59 0.00751901
0.5911 0.007483
0.5922 0.00747332
0.5933 0.00749374
0.5944 0.00754284
0.5955 0.00760008
0.5966 0.00766697
0.5977 0.00775374
0.5988 0.00785679
0.5999 0.00796829
0.601 0.00808566
0.6021 0.0082047
0.6032 0.00832367
0.6043 0.00842281
0.6054 0.00848896
0.6065 0.00852299
0.6076 0.00848833
0.6087 0.00839753
0.6098 0.008253
0.6109 0.00810586
0.612 0.00806017
0.6131 0.00804571
0.6142 0.00798049
0.6153 0.00788472
0.6164 0.00781497
0.6175 0.00774794
0.6186 0.00769145
0.6197 0.00769797
0.6208 0.00778301
0.6219 0.00790209
0.623 0.00799911
0.6241 0.00806342
0.6252 0.00809449
0.6263 0.00808681
0.6274 0.00805032
0.6285 0.0079938
0.6296 0.00791307
0.6307 0.0077898
0.6318 0.00761304
0.6329 0.00738846
0.634 0.00713022
0.6351 0.00685098
0.6362 0.0065828
0.6373 0.00630937
0.6384 0.00601982
0.63945 0.00574952
0.6405 0.00552629
0.6416 0.00534347
0.6427 0.00519236
0.6438 0.00507964
0.6449 0.00501341
0.646 0.00497742
0.6471 0.00495322
0.6482 0.00494412
0.6493 0.00494041
0.6504 0.00493549
0.6515 0.00491405
0.6526 0.00487513
0.6537 0.0048061
0.6548 0.00469812
0.6559 0.00456372
0.657 0.00439488
0.65805 0.00419563
0.6591 0.00397764
0.6602 0.00374244
0.6613 0.00350234
0.6624 0.00326064
0.6635 0.00302219
0.6646 0.00278786
0.6657 0.00255895
0.6668 0.00234775
0.6679 0.00216934
0.669 0.002015
0.670025 0.00189138
0.6711 0.00179302
0.6722 0.00171987
0.6733 0.0016579
0.6744 0.00158707
0.6755 0.00152477
0.6766 0.00148334
0.6777 0.00145167
0.6788 0.00142218
0.6799 0.00138306
0.681 0.00133302
0.6821 0.0012696
0.6832 0.0011843
0.6843 0.00108162
0.6854 0.00097151
0.6865 0.000855635
0.6876 0.000728816
0.6887 0.000600204
0.6898 0.000472682
0.6909 0.000342114
0.692 0.000217113
0.6931 0.000111656
0.6942 3.24914e-05
0.6953 -3.79594e-05
0.6964 -9.45098e-05
0.6975 -0.000129185
0.6986 -0.000145979
0.6997 -0.000152916
0.7008 -0.000138812
0.7019 -0.000102977
0.703 -6.63996e-05
0.7041 -2.57059e-05
0.7052 2.11632e-05
0.7063 5.92692e-05
0.7074 8.392e-05
0.7085 0.000107677
0.7096 0.000130851
0.7107 0.000151873
0.7118 0.000170846
0.7129 0.000191101
0.714 0.00021402
0.715025 0.000230225
0.7161 0.000246845
0.7172 0.000273862
0.7183 0.000307209
0.7194 0.000339646
0.7205 0.000376662
0.7216 0.000432039
0.7227 0.000501912
0.7238 0.000576724
0.7249 0.000656657
0.726 0.000740274
0.7271 0.000828373
0.7282 0.000918456
0.7293 0.00101038
0.7304 0.00110842
0.7315 0.00121711
0.7326 0.00133134
0.7337 0.00144087
0.7348 0.00154495
0.7359 0.00164019
0.737 0.00172987
0.7381 0.00181329
0.7392 0.00189581
0.7403 0.00197665
0.7414 0.00205077
0.7425 0.00212799
0.7436 0.0021988
0.7447 0.0022607
0.7458 0.00231791
0.7469 0.00238952
0.748 0.00246454
0.7491 0.00253845
0.7502 0.00261484
0.7513 0.00268058
0.7524 0.00274253
0.7535 0.00280427
0.7546 0.00287334
0.7557 0.00294836
0.7568 0.0030266
0.7579 0.00310006
0.759 0.00315755
0.7601 0.0032022
0.7612 0.00323254
0.7623 0.00326204
0.7634 0.00328498
0.7645 0.00330363
0.7656 0.00331757
0.7667 0.00332261
0.7678 0.00331774
0.7689 0.00330671
0.77 0.00329487
0.7711 0.00328516
0.7722 0.00327605
0.7733 0.00326861
0.7744 0.0032551
0.7755 0.00323385
0.7766 0.00320821
0.7777 0.00317306
0.7788 0.00312782
0.7799 0.00306634
0.781 0.00299373
0.7821 0.00292001
0.7832 0.00284211
0.7843 0.00275853
0.7854 0.00266711
0.7865 0.00255987
0.7876 0.0024369
0.7887 0.00230491
0.7898 0.00218573
0.7909 0.00207714
0.792 0.00197096
0.7931 0.00186438
0.7942 0.00175812
0.7953 0.00164687
0.7964 0.00153117
0.7975 0.00141688
0.7986 0.00130299
0.7997 0.00119149
0.8008 0.00107817
0.8019 0.000956457
0.803 0.000818239
0.8041 0.000680794
0.8052 0.000556214
0.8063 0.00043959
0.8074 0.000325753
0.8085 0.000209457
0.8096 9.46216e-05
0.8107 -2.32642e-05
0.8118 -0.000141337
0.8129 -0.00024955
0.814 -0.000346662
0.8151 -0.00043997
0.8162 -0.000529941
0.8173 -0.000617458
0.8184 -0.00070433
0.8195 -0.000789681
0.8206 -0.000869898
0.8217 -0.000946899
0.8228 -0.00102445
0.8239 -0.00110636
0.825 -0.00119178
0.8261 -0.00126892
0.8272 -0.00133876
0.8283 -0.00140463
0.8294 -0.00146722
0.8305 -0.00152402
0.8316 -0.00157928
0.8327 -0.0016335
0.8338 -0.00167312
0.8349 -0.00169369
0.836 -0.0017008
0.8371 -0.00169823
0.8382 -0.00168238
0.8393 -0.00165872
0.8404 -0.00163116
0.8415 -0.00159581
0.8426 -0.00155
0.8437 -0.0014947
0.8448 -0.00143455
0.8459 -0.00137304
0.847 -0.0013101
0.84805 -0.00125407
0.8491 -0.00119633
0.8502 -0.00113175
0.8513 -0.00106373
0.8524 -0.000994424
0.8535 -0.000926038
0.8546 -0.000858247
0.8557 -0.000784767
0.8568 -0.000702903
0.8579 -0.000617463
0.859 -0.000525772
0.8601 -0.000428395
0.8612 -0.000328262
0.8623 -0.00022335
0.8634 -0.000111087
0.8645 7.01991e-06
0.8656 0.000124907
0.8667 0.000243882
0.8678 0.000362786
0.8689 0.000478981
0.87 0.000591552
0.8711 0.000702182
0.8722 0.000812269
0.8733 0.000921055
0.874312 0.00102018
0.87535 0.0011172
0.8764 0.0012077
0.8775 0.00129968
0.8786 0.00139136
0.879612 0.00148031
0.8807 0.00157712
0.8818 0.00167542
0.8829 0.00177479
0.884 0.00186956
0.8851 0.00195892
0.8862 0.00204616
0.8873 0.00213215
0.8884 0.00221921
0.8895 0.00230646
0.8906 0.00238985
0.8917 0.00245872
0.8928 0.00251432
0.8939 0.00256135
0.895 0.00259495
0.8961 0.00262041
0.8972 0.00264453
0.8983 0.00266717
0.8994 0.0026817
0.9005 0.00268617
0.9016 0.00268197
0.9027 0.00267196
0.9038 0.00265927
0.9049 0.00263941
0.906 0.00261546
0.9071 0.00259157
0.9082 0.00256528
0.9093 0.00253646
0.9104 0.00250395
0.9115 0.0024669
0.9126 0.00242582
0.9137 0.00238013
0.9148 0.00232962
0.9159 0.00227503
0.917 0.00221507
0.9181 0.00214384
0.9192 0.00206239
0.9203 0.0019735
0.9214 0.0018793
0.9225 0.00178005
0.9236 0.00167681
0.9247 0.00156823
0.9258 0.00145441
0.9269 0.00134117
0.928 0.00123277
0.9291 0.0011281
0.9302 0.00102392
0.9313 0.000914196
0.9324 0.000790729
0.9335 0.000661545
0.9346 0.000540668
0.9357 0.000435235
0.9368 0.000333041
0.9379 0.000225022
0.939 0.000119812
0.9401 3.28588e-06
0.9412 -0.000117542
0.9423 -0.00023688
0.9434 -0.000344058
0.9445 -0.000445767
0.9456 -0.000544435
0.9467 -0.000638685
0.9478 -0.00073287
0.9489 -0.000831081
0.95 -0.000928095
0.9511 -0.00101504
0.9522 -0.00109137
0.9533 -0.00116201
0.9544 -0.0012302
0.9555 -0.00129656
0.9566 -0.00136411
0.9577 -0.00143163
0.9588 -0.00149084
0.9599 -0.00154338
0.961 -0.00158839
0.9621 -0.00162988
0.9632 -0.00166389
0.9643 -0.00169203
0.9654 -0.00171678
0.9665 -0.00173488
0.9676 -0.00174402
0.9687 -0.00174492
0.9698 -0.00173862
0.9709 -0.0017329
0.972 -0.00171867
0.9731 -0.00169689
0.9742 -0.0016674
0.9753 -0.0016346
0.9764 -0.00159444
0.9775 -0.00154987
0.9786 -0.00149639
0.97965 -0.00144886
0.980675 -0.00139972
0.9817 -0.00134714
0.9828 -0.00128595
0.9839 -0.00121601
0.985 -0.00114397
0.9861 -0.00106774
0.9872 -0.000988165
0.9883 -0.000903114
0.9894 -0.000817295
0.9905 -0.000730041
0.99155 -0.000641147
0.9926 -0.0005481
0.9937 -0.000450529
0.9948 -0.000355733
0.99585 -0.000263726
0.9969 -0.000167905
0.99795 -6.5673e-05
0.999 4.69554e-05
1.0001 0.000171993
