0 0 0
0.001 0 0
0.002 0 0
0.0031 0 0
0.0042 0 0
0.0052 0 0
0.0062 0 0
0.0072 0 0
0.0082 0 0
0.0093 0 0
0.0104 0 0
0.0115 0 0
0.0126 0 0
0.0137 0 0
0.0148 0 0
0.0159 0 0
0.017 0 0
0.0181 0 0
0.0192 0 0
0.0203 0 0
0.0214 0 0
0.0225 0 0
0.0236 0 0
0.0247 0 0
0.0258 0 0
0.0269 0 0
0.028 0 0
0.0291 0 0
0.0302 0 0
0.0313 0 0
0.0323 0 0
0.0333 0 0
0.0343 0 0
0.0353 0 0
0.0363 0 0
0.0373 0 0
0.0383 0 0
0.0393 0 0
0.0403 0 0
0.0413 0 0
0.0423 0 0
0.0433 0 0
0.0443 0 0
0.0453 0 0
0.0463 0 0
0.0473 0 0
0.0483 0 0
0.0493 0 0
0.0503 0 0
0.0513 0 0
0.0523 0 0
0.0533 0 0
0.0543 0 0
0.0553 0 0
0.0563 0 0
0.0573 0 0
0.0583 0 0
0.0593 0 0
0.0603 0 0
0.0613 0 0
0.0623 0 0
0.0633 0 0
0.0643 0 0
0.0653 0 0
0.0663 0 0
0.0673 0 0
0.0683 0 0
0.0693 0 0
0.0703 0 0
0.0713 0 0
0.0723 0 0
0.0733 0 0
0.0743 0 0
0.0753 0 0
0.0763 0 0
0.0773 0 0
0.0783 0 0
0.0793 0 0
0.0803 0 0
0.0813 0 0
0.0823 0 0
0.0833 0 0
0.0843 0 0
0.0853 0 0
0.0863 0 0
0.0873 0 0
0.0883 0 0
0.0893 0 0
0.0903 0 0
0.0913 0 0
0.0923 0 0
0.0933 0 0
0.0943 0 0
0.0953 0 0
0.0963 0 0
0.0973 0 0
0.0983 0 0
0.0993 0 0
0.1003 0 0
0.1013 0 0
0.1023 0 0
0.1033 0 0
0.1043 0 0
0.1053 0 0
0.1063 0 0
0.1073 0 0
0.1083 0 0
0.1093 0 0
0.1103 0 0
0.1113 0 0
0.1123 0 0
0.1133 0 0
0.1143 0 0
0.1153 0 0
0.1163 0 0
0.1173 0 0
0.1183 0 0
0.1193 0 0
0.1203 0 0
0.1213 0 0
0.1223 0 0
0.1233 0 0
0.1243 0 0
0.1253 0 0
0.1264 0 0
0.1275 0 0
0.1286 0 0
0.1297 0 0
0.1308 0 0
0.1319 0 0
0.133 0 0
0.1341 0 0
0.1352 0 0
0.1363 -0.000100678 -1.14974e-07
0.1374 -0.00885287 -0.00279173
0.1385 0.0436116 -0.0202733
0.1396 -0.00464695 0.0364903
0.1407 -0.0201577 -0.00946045
0.1418 -0.00773551 -0.00613936
0.1429 0.000937706 -0.00340157
0.144 -0.0211878 -0.0155908
0.1451 0.121374 0.011426
0.1462 0.0217441 0.0213727
0.1473 -0.0762061 -0.000665734
0.1484 -0.0725766 -0.0258978
0.1495 0.0518692 0.00825705
0.1506 -0.0100583 0.0164474
0.1517 -0.00394698 0.00486226
0.1528 -0.0388706 -0.0125798
0.1539 -0.0304347 -0.0185118
0.155 0.00419293 0.00758216
0.1561 0.0141174 0.0133216
0.1572 -0.0197132 -0.000220814
0.1583 -0.0849494 -0.00103455
0.1594 -0.0904236 -0.0275559
0.1605 0.18056 0.0158837
0.1616 0.0806849 0.0392949
0.1627 -0.0147722 -0.0108816
0.1638 -0.0746788 0.0225712
0.1649 0.0191284 0.373352
0.166 -0.106396 -0.00533398
0.1671 -0.114709 -0.0167583
0.1682 0.16811 -0.0029784
0.1693 0.149226 -0.0442287
0.1704 -0.124986 0.0221291
0.1715 -0.0956237 0.0122547
0.1726 -0.11796 -0.0152512
0.1737 0.00553072 -0.0733956
0.1748 0.0866511 0.0226223
0.1759 0.130737 -0.160365
0.177 -0.000823458 0.0211696
0.1781 0.0508055 -0.000257554
0.1792 0.0936939 0.0123826
0.1803 -0.120662 0.121174
0.1814 -0.170829 0.00686394
0.1825 -0.0424202 -0.0590227
0.1836 0.0570009 -0.0110551
0.1847 -0.0423743 0.00941945
0.1858 -0.0158058 0.0202254
0.1869 0.0838025 -0.0187841
0.188 0.100874 -0.0545344
0.1891 -0.0690847 0.0281016
0.1902 -0.125714 0.0555045
0.1913 -0.0254147 0.0257314
0.1924 -0.0118551 0.0259925
0.1935 -0.0220087 0.0314941
0.1946 0.0833847 -0.00514866
0.1957 0.101977 -0.0148191
0.1968 0.0340641 -0.00847227
0.1979 0.0586888 -0.0322766
0.199 0.135328 -0.081948
0.2001 0.0123747 0.0758394
0.2012 -0.00858537 0.0190193
0.2023 -0.0446877 0.0104166
0.2034 0.0138313 0.0127291
0.20445 0.0202953 -0.0202146
0.2055 0.0591251 -0.0259208
0.2066 0.0477408 -0.0316074
0.2077 0.105342 -0.0529471
0.2088 0.0883125 -0.0114573
0.2099 -0.0494926 0.071187
0.211 -0.0811017 0.0673042
0.2121 -0.0884854 0.0405622
0.2132 0.0217116 0.0361982
0.2143 -0.0312125 0.0296097
0.2154 0.0649496 -0.0317672
0.2165 0.0767417 -0.0551396
0.2176 0.0858023 -0.0828093
0.2187 0.00755571 0.0348855
0.2198 -0.0501153 0.081473
0.2209 0.0363824 0.0180116
0.222 -0.0407338 0.0895658
0.2231 0.0793113 -0.0439892
0.2242 0.0837687 -0.0144215
0.2253 0.134336 -0.0991306
0.2264 0.0745932 -0.0117658
0.2275 -0.00860102 0.0529846
0.2286 -0.00174956 -0.0235593
0.2297 0.0970449 -0.0756273
0.2308 -0.0184115 0.0398893
0.23185 -0.0586225 0.0309995
0.2329 0.0265524 -0.00413081
0.234 0.0458215 -0.0386468
0.2351 0.0175716 0.0649934
0.2362 -0.0510059 0.0607558
0.2373 0.0313532 0.00325683
0.2384 -0.00622435 0.000558146
0.2395 0.0155551 0.0137065
0.2406 -0.0103183 0.0468175
0.2417 0.0313514 -0.0165776
0.2428 -0.0284732 0.017216
0.2439 0.0480328 0.0101768
0.245 0.0454113 -0.0256906
0.2461 0.0222714 0.00623107
0.2472 0.0370137 -0.00143334
0.2483 0.0246568 -0.0170054
0.2494 -0.000846268 -0.00120414
0.2505 0.0478469 -0.00665817
0.2516 0.0619062 0.037965
0.2527 0.0700487 0.0682622
0.2538 0.0914537 -0.086312
0.2549 0.0682603 0.0233902
0.256 0.00402239 0.0330699
0.2571 0.0647836 0.00311961
0.2582 0.0157797 0.0391719
0.2593 0.0164464 0.0351717
0.2604 0.0385563 0.109379
0.2615 -0.0128712 -0.00291553
0.2626 -0.000381542 0.0227917
0.2637 -0.0147753 0.00430545
0.2648 0.121031 -0.0551518
0.2659 0.0806528 0.0240116
0.267 -0.0118945 0.111489
0.2681 -0.0826803 0.0402433
0.2692 0.0271886 -0.00470886
0.2703 -0.0591404 0.0668102
0.2714 -0.00210621 0.00965182
0.2725 0.0290048 -0.0150679
0.2736 0.0515529 -0.0428522
0.2747 0.0434955 -0.018896
0.2758 0.0174981 -0.00098035
0.2769 -0.028456 0.0315217
0.278 -0.0267159 0.00659001
0.2791 0.0558172 0.00351643
0.2802 0.045532 0.0313781
0.2813 0.0660239 0.0199365
0.2824 0.0848778 -0.0241662
0.2835 0.104258 -0.0425014
0.2846 0.000487135 0.0221109
0.2857 -0.0692404 0.03665
0.2868 -0.0349179 -0.0250734
0.2879 0.0486099 -0.0414979
0.289 -0.0170908 0.0282515
0.2901 -0.0293228 0.0722053
0.2912 0.00765704 0.0195036
0.2923 0.0153996 0.00538164
0.2934 -0.0139964 0.05761
0.2945 -0.0414276 0.0449
0.2956 -0.0289845 0.0257515
0.2967 0.00660628 0.0133018
0.2978 -0.0166904 0.0123476
0.2989 -0.0336334 0.0205507
0.3 0.0214732 -0.00636736
0.3011 0.0210424 -0.0102854
0.3022 0.0390739 -0.0134822
0.3033 -0.00706062 0.00238099
0.3044 0.0392984 -0.0155756
0.3055 0.0345249 0.00646541
0.3066 0.03191 -0.00194899
0.3077 0.0297867 0.00372809
0.3088 0.0490938 -0.00280707
0.3099 0.0416608 0.0240031
0.311 -0.00657083 -0.00306229
0.3121 0.0648201 -0.0253056
0.3132 0.00613501 0.0385251
0.3143 0.0257787 0.0014352
0.3154 0.10858 -0.0399997
0.3165 0.0151833 0.0296896
0.3176 -0.0712982 0.0393044
0.3187 -0.0752976 0.00180802
0.3198 -0.0624199 0.00730458
0.3209 -0.043936 0.00884507
0.322 -0.0693294 0.0200155
0.3231 -0.00364451 0.00780675
0.3242 0.00872184 0.00859577
0.3253 -0.0229968 0.0132704
0.3264 -0.046913 -0.00132772
0.3275 -0.0534416 0.00952621
0.3286 -0.0426802 0.00502505
0.3297 0.0457935 -0.0238194
0.3308 0.0363006 -0.0153911
0.3319 0.0393511 -0.0140653
0.333 0.0574158 -0.0133075
0.3341 0.0583353 0.000224169
0.3352 0.0598381 -0.0325064
0.3363 0.0199763 0.00211205
0.3374 0.00876449 0.00656409
0.3385 0.0394767 0.0272701
0.3396 0.0319948 -0.000987133
0.3407 0.023545 0.0073726
0.3418 0.0702222 0.0146459
0.3429 0.0305978 -0.00639482
0.344 -0.00342393 0.0103537
0.3451 -0.0545855 0.0327962
0.3462 -0.0889079 0.00708105
0.3473 -0.0510913 0.00600781
0.3484 -0.0116688 0.0298779
0.3495 -0.0303998 0.0116218
0.3506 -0.0360518 0.0147239
0.3517 -0.00969129 0.00368117
0.3528 -0.036605 -0.00134953
0.3539 -0.0474557 -0.000448046
0.355 -0.0551205 0.0367084
0.3561 -0.0278159 0.00996266
0.3572 -0.00111057 0.00450294
0.3583 0.0446436 -0.013021
0.3594 0.0751796 -0.013066
0.3605 0.0766924 -0.00976109
0.3616 0.0290364 0.00229021
0.3627 0.0159342 -0.00819841
0.3638 0.045978 1.39886e-06
0.3649 -0.00688972 0.0247754
0.366 0.00723631 -0.00231657
0.3671 0.0285241 0.00271172
0.3682 0.0482106 -0.00742734
0.3693 0.0306256 -0.000182943
0.3704 -0.00405778 0.00998165
0.3715 0.0145576 0.00404599
0.3726 0.0239669 0.0227507
0.3737 -0.0883312 0.0132434
0.3748 -0.0347311 0.0109213
0.3759 -0.0373223 0.0234344
0.377 -0.0404955 0.00673073
0.3781 -0.0386968 0.00100058
0.3792 -0.0357407 0.00920185
0.3803 -0.0111633 0.00440089
0.3814 -0.0254134 0.009045
0.3825 -0.0388772 0.00506752
0.3836 0.00136241 -0.000423153
0.3847 0.013695 0.00175066
0.3858 0.0331067 -0.00170026
0.3869 0.0434708 -0.00165584
0.388 0.0667513 -0.00731227
0.3891 0.080686 -0.0136509
0.3902 0.085117 -0.0257164
0.3913 0.092396 -0.0209696
0.3924 0.0509443 -0.0013948
0.3935 -0.0196979 0.0152232
0.3946 -0.00509783 -0.0169761
0.3957 -0.0467766 0.000715862
0.3968 -0.0140001 -0.00207049
0.3979 -0.0287667 0.0151678
0.399 -0.00212439 0.0120623
0.4001 -0.00485378 0.011095
0.4012 -0.0279468 0.0203993
0.4023 -0.109497 0.0563921
0.4034 -0.0757146 0.00578809
0.4045 -0.0794397 0.00631682
0.4056 -0.045453 0.00824903
0.4067 -0.0301146 -0.00132978
0.4078 -0.00720084 -0.00481459
0.4089 0.00636035 0.00382021
0.41 0.0490472 0.079524
0.4111 0.0452513 -0.00918332
0.4122 0.0400097 -0.00819119
0.4133 0.035037 -0.000437978
0.4144 0.0316057 0.00442365
0.4155 0.0511164 -0.00231629
0.4166 0.04835 0.00613201
0.4177 0.0510238 -0.00584242
0.4188 0.0375103 0.00176209
0.4199 0.0305844 -0.0128163
0.421 0.0146258 -0.0205655
0.4221 0.0130919 -0.00936776
0.4232 -0.00619128 0.0111762
0.4243 -0.00104156 0.00627338
0.4254 0.0126612 0.00268315
0.4265 -0.0145162 0.0179961
0.4276 -0.0434735 0.0247844
0.4287 -0.0450994 0.0235044
0.4298 -0.0349219 0.0294699
0.4309 -0.0677238 0.0237921
0.432 -0.0544488 0.015443
0.4331 -0.0265321 0.00708041
0.4342 -0.0158713 -0.00240025
0.4353 0.0151792 -0.0114805
0.4364 0.0302476 -0.0142789
0.4375 0.00931006 -0.00365704
0.4386 -0.00994551 0.016244
0.4397 0.0148414 0.00373959
0.4408 0.0369175 0.00628452
0.4419 0.0505348 0.0249946
0.443 0.0718672 0.000211063
0.4441 0.0741812 -0.00395378
0.4452 0.0698635 -0.0080236
0.4463 0.0648496 -0.00990819
0.4474 0.0229493 -0.0136845
0.4485 -0.0137042 -0.01223
0.4496 -0.0139301 0.0141183
0.4507 -0.000673096 0.00439499
0.4518 -0.0116756 0.00408885
0.4529 -0.00441975 0.0165165
0.454 0.00159355 0.0353897
0.4551 -0.0208645 0.0128892
0.4562 0.00348149 0.0166599
0.4573 -0.00898295 0.0172478
0.4584 -0.00970262 0.0950778
0.4595 -0.0473517 0.00428125
0.4606 -0.0412057 0.00285862
0.4617 -0.0221225 -0.00699115
0.4628 0.00823216 -0.00534696
0.4639 0.0177625 -0.00682577
0.465 0.0485353 -0.0105018
0.4661 0.0303802 -0.00910718
0.4672 0.0245547 0.000758564
0.4683 0.0211179 0.00992694
0.4694 0.0258997 0.00490671
0.4705 0.0433476 0.00307301
0.4716 0.0469038 0.00544419
0.4727 0.0546212 -0.00210263
0.4738 0.0444138 -0.0051144
0.4749 0.0403512 -0.00493037
0.476 0.0312991 -0.0140711
0.4771 -0.0169771 0.00394056
0.4782 -0.0311635 -0.00209815
0.4793 -0.0220587 0.00227316
0.4804 -0.0133682 0.00406286
0.4815 -0.0214103 -1.95703e-05
0.4826 0.0128603 0.0108707
0.4837 -0.0271749 0.0152915
0.4848 -0.0277621 0.0367847
0.4859 -0.0347288 0.0152086
0.487 -0.0464499 0.0185872
0.4881 -0.0508405 0.0095707
0.4892 -0.0114972 0.0028054
0.4903 -0.000995804 -0.0218559
0.4914 0.0340627 -0.00944937
0.4925 0.0203284 -0.00573593
0.4936 0.00978056 -0.00741839
0.4947 0.0440675 -0.00993781
0.4958 0.00994584 0.0118265
0.4969 0.00722092 0.00623966
0.498 0.0317323 0.0116642
0.4991 0.0472368 0.00798797
0.5002 0.0734818 -0.00184358
0.5013 0.0582461 0.00194962
0.5024 0.0244424 0.00790435
0.5035 -0.00812994 0.00865033
0.5046 -0.0055116 0.00498455
0.5057 -0.00328602 0.0052205
0.5068 -0.0201443 0.00587354
0.5079 -0.0166221 0.00302445
0.509 -0.0228592 0.0100544
0.5101 0.00124599 0.00721654
0.5112 -0.000501512 0.0108265
0.5123 -0.0501754 0.0174629
0.5134 -0.0391941 0.0127851
0.5145 -0.0379461 0.0113893
0.5156 -0.0321632 0.00481009
0.5167 -0.0323827 -0.00141156
0.5178 -0.0129679 -0.00111403
0.5189 0.0222003 -0.0098394
0.52 0.0311895 -0.00947119
0.52105 0.0446496 -0.0104076
0.5221 0.0214771 -0.00505451
0.52315 0.012358 0.00813848
0.5242 0.0296278 0.0023127
0.5253 0.0391146 0.0189661
0.5264 0.0466047 0.00223036
0.5275 0.0514225 0.00471861
0.5286 0.0580252 -0.0049428
0.529625 0.0493663 0.0112924
0.5307 0.0348444 0.00604014
0.5318 0.017027 0.00514368
0.53285 -0.0173727 0.000453411
0.5339 -0.0246573 0.00492407
0.535 -0.0117953 0.011777
0.5361 -0.0117961 -0.00558226
0.5372 -0.00248386 0.00227379
0.5383 -0.00932872 0.00271924
0.5394 -0.00989362 0.00765315
0.5405 -0.0298476 0.00899192
0.5416 -0.034539 0.0127916
0.5427 -0.0307544 0.00562594
0.5438 -0.040104 0.00903802
0.5449 0.00438645 -0.0054163
0.546 0.0332008 -0.00711504
0.5471 0.0307608 -0.00456247
0.5482 0.00969831 -0.00528584
0.5493 0.0133911 -0.00424472
0.5504 0.0408971 -0.00527443
0.5515 0.0142533 0.00729777
0.5526 0.0233909 -0.00240481
0.5537 0.0477682 -0.00544037
0.5548 0.082996 0.000571934
0.5559 0.0503308 -0.000816268
0.557 -0.00423391 0.00704273
0.5581 -0.010015 0.00715246
0.5592 0.000361747 0.003732
0.5603 0.021364 -0.000871324
0.5614 -0.0175365 0.00476887
0.5625 0.000168404 0.00142404
0.5636 -0.0114778 0.00495552
0.5647 0.00889046 0.00683459
0.5658 -0.0374961 0.0148836
0.5669 -0.0264754 0.00906376
0.568 -0.0241677 0.00981
0.5691 -0.0687313 0.0782609
0.5702 -0.00630831 0.01512
0.5713 0.00878736 -0.00536815
0.5724 -0.0128562 0.00647424
0.5735 0.0194028 -0.000854349
0.5746 0.0499856 -0.00213951
0.5757 0.0375594 -0.00373255
0.5768 0.00480531 -0.000758674
0.5779 -0.000185197 0.00320459
0.579 0.045661 -0.00975611
0.5801 0.0937045 -0.0119206
0.5812 0.0628279 0.0457519
0.5823 0.0270106 -7.13729e-05
0.5834 0.0373029 -0.000294599
0.5845 0.0184088 -0.00586333
0.5856 0.0616014 -0.00468839
0.5867 0.0414445 -0.00403638
0.5878 -0.00270105 -0.0010686
0.5889 -0.0140139 -0.00285266
0.59 -0.0210377 0.00324426
0.5911 -0.0251809 0.00557287
0.5922 -0.0249236 0.0058074
0.5933 -0.0313652 -0.000576695
0.5944 -0.00159052 0.000113625
0.5955 -0.00192726 0.0039831
0.5966 -0.0128555 0.00801366
0.5977 -0.019511 -0.00379045
0.5988 -0.00614988 0.00318149
0.5999 -0.00471698 0.000327228
0.601 0.00294281 0.00501174
0.6021 0.00472911 0.00288834
0.6032 0.024853 0.000398464
0.6043 0.0407511 -0.00396895
0.6054 0.0418849 -0.00355512
0.6065 0.0748141 -0.0112756
0.6076 0.0912425 -0.0122742
0.6087 0.0492442 -0.034227
0.6098 0.0384286 0.032869
0.6109 -0.133442 0.095861
0.612 -0.0405214 -0.0506886
0.6131 0.063557 0.0295939
0.6142 0.0467197 0.028981
0.6153 -0.034038 -0.00198754
0.6164 0.00346519 0.0262203
0.6175 -0.00336494 -0.0214207
0.6186 -0.0653189 -0.00463277
0.6197 -0.0898295 0.0446919
0.6208 -0.0456273 -0.0125485
0.6219 0.0265709 0.00154029
0.623 0.0420106 0.000464591
0.6241 0.0490582 0.0106899
0.6252 0.0606481 -0.0129323
0.6263 0.0393014 0.0025117
0.6274 0.0295509 0.00543685
0.6285 0.0329049 0.00714481
0.6296 0.0534377 -0.00209409
0.6307 0.0703256 -0.00404174
0.6318 0.0687454 -0.00935906
0.6329 0.0425614 -0.00730541
0.634 0.0396029 0.00522951
0.6351 -0.00324855 -0.00159901
0.6362 0.0143784 -0.00414588
0.6373 0.0367689 -0.00201208
0.6384 0.0614361 0.111393
0.63945 -0.0561265 -0.0849347
0.6405 -0.0482796 0.0128105
0.6416 -0.039751 0.0173184
0.6427 -0.0348582 0.0104476
0.6438 -0.0508923 0.00495312
0.6449 -0.0328701 -0.0029977
0.646 -0.00510597 -8.60289e-05
0.6471 -0.014232 -0.0153632
0.6482 -0.00244335 -0.00127658
0.6493 0.00134589 -0.00159586
0.6504 0.022524 -0.00893702
0.6515 0.0164927 0.000333784
0.6526 0.0320658 0.0122267
0.6537 0.00887752 0.00707699
0.6548 0.0237198 -0.000545647
0.6559 0.0291125 0.0390962
0.657 0.0522421 0.0183384
0.65805 0.0154423 -0.0409622
0.6591 0.0131742 -0.00951712
0.6602 0.00933379 -0.0162758
0.6613 -0.00416758 -9.75494e-05
0.6624 -0.00675798 -0.0013605
0.6635 -0.000913832 -0.0152449
0.6646 0.00193219 -0.0041155
0.6657 -0.018343 0.00266413
0.6668 -0.0395277 0.00272684
0.6679 -0.0265596 0.0189669
0.669 -0.022672 -0.00189381
0.670025 -0.0419067 0.000206804
0.6711 -0.0333375 0.00633036
0.6722 -0.0192239 0.000204292
0.6733 0.0147701 -0.00427977
0.6744 -0.00236999 -0.00640979
0.6755 -0.0241262 -0.000474034
0.6766 -0.00879938 -0.00822817
0.6777 -0.00437474 -0.00458849
0.6788 0.0134926 -0.00331579
0.6799 0.0101324 -3.93534e-05
0.681 0.0149222 1.33146e-05
0.6821 0.0267967 0.00480582
0.6832 0.0208158 0.00736144
0.6843 0.00867705 0.00348686
0.6854 0.0041154 0.00162135
0.6865 0.0139194 0.00361089
0.6876 0.00426233 -0.00372732
0.6887 -0.00207546 -0.00822024
0.6898 0.00650542 0.00155168
0.6909 -0.0025405 -0.00115807
0.692 -0.0185482 -0.00547715
0.6931 -0.0295771 -0.00678731
0.6942 -0.00646025 -0.00292189
0.6953 -0.0122973 0.00138343
0.6964 -0.0181531 0.00375458
0.6975 -0.0198886 -0.0069169
0.6986 -0.00488731 -0.000748523
0.6997 -0.0224318 -0.00512128
0.7008 -0.027559 -0.00458114
0.7019 0.00424682 -0.00755467
0.703 -0.00733078 0.00624599
0.7041 -0.00803084 -0.00980286
0.7052 0.00924205 -0.00761265
0.7063 0.011482 -0.00535469
0.7074 -0.000222928 0.000375727
0.7085 6.29857e-05 -1.78884e-05
0.7096 -0.00040868 0.000601368
0.7107 0.00252041 -0.00184107
0.7118 -0.00288166 0.000678663
0.7129 -0.005915 0.0022334
0.714 0.00626999 -0.00155426
0.715025 0.00136362 -0.00359312
0.7161 -0.0129308 -0.000271927
0.7172 -0.00719272 -0.000593574
0.7183 -0.0037463 -0.00468485
0.7194 -0.00139492 0.000748552
0.7205 -0.0182941 -0.00191256
0.7216 -0.0178997 -0.000789977
0.7227 -0.00324219 -0.000448749
0.7238 -0.00497415 0.00132092
0.7249 -0.00586018 -0.00120809
0.726 -0.00682454 0.00682786
0.7271 -0.000459119 -0.00306725
0.7282 -0.00305272 -0.00199469
0.7293 -0.00453375 -0.00107868
0.7304 -0.0110633 0.000659345
0.7315 -0.00744732 -0.00280126
0.7326 0.00476427 -0.00558021
0.7337 0.00354739 -0.000634417
0.7348 0.0121034 -0.00256493
0.7359 0.00232619 0.00159534
0.737 0.00585843 -0.00189037
0.7381 0.00448035 -0.000375631
0.7392 0.00226563 0.00070609
0.7403 0.0061865 0.0044759
0.7414 -0.00732905 -0.00317551
0.7425 0.00860485 0.0101497
0.7436 0.00702564 -0.00168675
0.7447 0.00620358 -0.00217714
0.7458 -0.00971907 0.00257882
0.7469 -0.00304041 -0.00217978
0.748 0.00353263 -0.00352986
0.7491 -0.00613834 -0.000318909
0.7502 0.0120086 -0.00243795
0.7513 0.00689118 0.000378717
0.7524 0.00245069 -0.0012869
0.7535 -0.00769727 -0.00206202
0.7546 -0.00456929 0.00563176
0.7557 -0.00043079 -0.00149508
0.7568 0.00075728 0.000524702
0.7579 0.0162649 -0.00137294
0.759 0.00922533 0.00109585
0.7601 0.0160402 -0.000406226
0.7612 -0.00401925 -0.00347785
0.7623 0.00740578 0.00114524
0.7634 0.00369071 -0.00242911
0.7645 0.00312386 -0.00242489
0.7656 0.00793938 0.0031942
0.7667 0.00925169 -0.00260481
0.7678 0.00509195 -0.000192739
0.7689 0.00173461 0.00536418
0.77 -0.00298035 -0.000836207
0.7711 0.00176344 -0.000274149
0.7722 -0.00316138 0.00234235
0.7733 0.00561541 -0.0022426
0.7744 0.00806448 -0.000254305
0.7755 0.00306562 0.000989258
0.7766 0.00718552 -0.00320101
0.7777 0.00802042 0.000345728
0.7788 0.0154211 -0.00351406
0.7799 0.0108313 0.0011127
0.781 0.000290304 0.00311276
0.7821 0.00331314 -0.00268246
0.7832 0.00593338 6.10027e-05
0.7843 0.00256006 -0.00142897
0.7854 0.013219 0.00330218
0.7865 0.0122016 -0.0027497
0.7876 0.0128506 -0.00296243
0.7887 -0.012781 0.00727717
0.7898 -0.010463 -0.00501295
0.7909 -0.00289118 0.00365517
0.792 0.00134911 0.000410519
0.7931 -0.000448529 0.000160024
0.7942 0.00353885 0.00105249
0.7953 0.0045409 -0.0023447
0.7964 -0.00146379 0.00011261
0.7975 -0.000320742 -0.000180389
0.7986 -8.79365e-05 0.000868643
0.7997 0.00333178 0.00047081
0.8008 0.00239894 -0.000621639
0.8019 0.0160395 -0.00226929
0.803 0.00317699 0.003138
0.8041 -0.0135078 0.00262007
0.8052 -0.00599101 -0.00150439
0.8063 -0.00580782 -0.00126121
0.8074 0.00384925 -0.000189626
0.8085 -0.00245842 0.00329734
0.8096 0.00294083 -0.000267126
0.8107 0.00218318 -0.0011631
0.8118 -0.00905662 -0.00117259
0.8129 -0.0114604 0.000319056
0.814 -0.00233896 0.000912556
0.8151 -0.00227739 0.000206318
0.8162 -0.00277342 -0.00056421
0.8173 0.000463955 -0.000107891
0.8184 2.5931e-05 0.00157635
0.8195 -0.00485459 0.00132409
0.8206 -0.0035669 -0.000723882
0.8217 0.00021806 -0.00097629
0.8228 0.00349248 -0.00217769
0.8239 0.0061838 0.0031437
0.825 -0.00844692 0.00167532
0.8261 -0.00754329 -0.00286301
0.8272 -0.00205119 -0.0014455
0.8283 -0.00310677 0.000599704
0.8294 -0.00539727 0.0018734
0.8305 -0.00347902 0.000645012
0.8316 0.00099449 -0.00181181
0.8327 -0.0117988 -0.000181085
0.8338 -0.0181104 0.000271198
0.8349 -0.0119613 0.00100588
0.836 -0.00640085 -0.00155647
0.8371 -0.0117078 -0.00264571
0.8382 -0.00724946 -0.000177514
0.8393 -0.00165103 0.00197108
0.8404 -0.0087009 7.14028e-05
0.8415 -0.0101547 -0.00246648
0.8426 -0.00861354 -0.00104563
0.8437 -0.00433637 0.00257345
0.8448 -0.00123923 0.000283294
0.8459 -0.00294746 -0.00210619
0.847 0.00589073 -0.00234894
0.84805 -0.00221557 0.00563463
0.8491 -0.00321114 0.0016589
0.8502 -0.00334864 -0.00236968
0.8513 -0.00185962 -0.00146599
0.8524 0.00137652 0.000371564
0.8535 0.000939955 0.000600041
0.8546 -0.0048957 -0.000268648
0.8557 -0.00834688 -0.00169044
0.8568 -0.00107428 -0.000111983
0.8579 -0.00573918 0.0014958
0.859 -0.00531839 0.000994649
0.8601 -0.00175376 -0.000714306
0.8612 -0.00396546 0.00024843
0.8623 -0.00574737 0.000801335
0.8634 -0.00654736 -0.000119164
0.8645 0.00076021 -0.000407467
0.8656 -0.00140768 0.000299671
0.8667 -0.00114575 -3.21774e-05
0.8678 0.00198906 0.000368692
0.8689 0.00231621 -0.00152539
0.87 0.00220632 0.00120615
0.8711 0.000671789 0.000440807
0.8722 0.00122213 -0.000211863
0.8733 0.000373053 0.000617729
0.874312 0.00257524 0.000284493
0.87535 0.00979592 0.000861272
0.8764 0.000659621 -3.7097e-05
0.8775 0.000981468 9.38069e-05
0.8786 -0.00450815 0.000263814
0.879612 -0.00108097 -0.00135752
0.8807 -0.000690463 0.000847328
0.8818 -0.000285392 -0.00050859
0.8829 0.00342686 -0.000646
0.884 0.00535438 0.00012216
0.8851 0.0015695 0.000994357
0.8862 0.0018919 0.000351833
0.8873 -0.00173592 0.00105194
0.8884 -0.000579994 0.000327387
0.8895 0.00167589 -0.000163955
0.8906 0.0134302 -0.000496023
0.8917 0.0133413 -0.000283335
0.8928 0.00496319 -0.00117544
0.8939 0.0125159 -0.0010169
0.895 0.00782239 2.23298e-05
0.8961 0.00139911 -0.000288867
0.8972 -0.000459954 -0.000134895
0.8983 0.00703995 -0.000583018
0.8994 0.00920405 -0.000145373
0.9005 0.00788257 0.000298683
0.9016 0.00536233 -8.19704e-05
0.9027 0.00247714 -0.000326678
0.9038 0.0069925 -0.00182795
0.9049 0.00357675 0.0020942
0.906 -0.000585438 0.00105866
0.9071 0.00238096 -0.00108038
0.9082 0.00259331 -0.000353656
0.9093 0.00289602 -0.000828187
0.9104 0.00407876 0.000877888
0.9115 0.00338627 -2.7354e-05
0.9126 0.00430673 -0.00147486
0.9137 0.00414058 -6.60079e-06
0.9148 0.00348814 0.00071903
0.9159 0.00324243 0.000164085
0.917 0.0105968 -0.000728555
0.9181 0.00909284 -0.000508165
0.9192 0.00646531 0.000274355
0.9203 0.00447057 0.000233022
0.9214 0.00496171 -3.5096e-05
0.9225 0.00303942 -0.00066074
0.9236 0.00420218 -0.000635375
0.9247 0.00538221 0.000631607
0.9258 -1.98949e-05 0.000966731
0.9269 -0.00461175 0.000208802
0.928 -0.0036028 -4.457e-05
0.9291 -0.000673934 -4.7434e-06
0.9302 0.00309901 -0.000577581
0.9313 0.0138305 0.000514198
0.9324 0.00590869 0.00129901
0.9335 -0.00623991 0.000810724
0.9346 -0.0133415 -0.000477296
0.9357 -0.00639377 -0.000258576
0.9368 0.00847763 0.00130603
0.9379 -0.0062843 0.00035111
0.939 0.012844 -0.00104227
0.9401 0.00399055 -0.000859287
0.9412 0.00198598 0.0012088
0.9423 -0.0138831 -0.000179445
0.9434 -0.00445853 0.000450531
0.9445 -0.00186853 -0.000809444
0.9456 -0.00535308 0.00112885
0.9467 -0.000108736 0.000397735
0.9478 0.00379214 -0.000503898
0.9489 3.8508e-05 0.00090017
0.95 -0.00908651 0.000425973
0.9511 -0.0103539 4.56263e-05
0.9522 -0.00432281 -0.00036983
0.9533 -0.00189013 -0.000644671
0.9544 -0.0019209 0.000512408
0.9555 0.000778511 -0.000505814
0.9566 0.00191791 1.98305e-05
0.9577 -0.0086523 -0.00044363
0.9588 -0.00412937 0.000202428
0.9599 -0.00777175 0.00038217
0.961 -0.00162069 4.34228e-05
0.9621 -0.00823231 0.000336678
0.9632 -0.00660677 -0.000278763
0.9643 -0.00193404 -9.25358e-05
0.9654 -0.00480596 0.000175454
0.9665 -0.0107105 -0.00104544
0.9676 -0.00643471 0.000179179
0.9687 -0.00961376 -0.00171898
0.9698 0.00408766 0.000561676
0.9709 -0.0096864 4.99912e-05
0.972 -0.00626595 -0.000307054
0.9731 -0.00922954 -0.000348343
0.9742 6.15854e-05 1.73097e-05
0.9753 -0.00978228 0.000752155
0.9764 -0.00174246 0.000478216
0.9775 -0.013008 -0.000881125
0.9786 0.00575435 -0.000416328
0.97965 -0.00188516 0.000960072
0.980675 -0.00397413 -0.00111179
0.9817 -0.00235298 0.000232668
0.9828 -0.0102983 -0.00126542
0.9839 -4.67078e-05 0.00037155
0.985 -0.00515611 0.000450021
0.9861 -0.00106823 0.000124089
0.9872 -0.00681593 0.000194843
0.9883 -0.000540941 -0.000115076
0.9894 -0.000806598 0.000520407
0.9905 -0.00507964 0.000963583
0.99155 -0.0040047 -0.000885213
0.9926 -0.000203984 -4.80128e-05
0.9937 0.00318893 0.000364699
0.9948 -0.00182148 0.000216042
0.99585 -0.00299996 0.00075204
0.9969 -0.0052288 -0.000292303
0.99795 -0.010501 0.000151251
0.999 -0.00741313 -0.000113025
1.0001 0.000677794 0.000638343
