0 0
0.001 0
0.002 0
0.0031 0
0.0042 0
0.0052 0
0.0062 0
0.0072 0
0.0082 0
0.0093 0
0.0104 0
0.0115 0
0.0126 0
0.0137 0
0.0148 0
0.0159 0
0.017 0
0.0181 0
0.0192 0
0.0203 0
0.0214 0
0.0225 0
0.0236 0
0.0247 0
0.0258 0
0.0269 0
0.028 0
0.0291 0
0.0302 0
0.0313 0
0.0323 0
0.0333 0
0.0343 0
0.0353 0
0.0363 0
0.0373 0
0.0383 0
0.0393 0
0.0403 0
0.0413 0
0.0423 0
0.0433 0
0.0443 0
0.0453 0
0.0463 0
0.0473 0
0.0483 0
0.0493 0
0.0503 0
0.0513 0
0.0523 0
0.0533 0
0.0543 0
0.0553 0
0.0563 0
0.0573 0
0.0583 0
0.0593 0
0.0603 0
0.0613 0
0.0623 0
0.0633 0
0.0643 0
0.0653 0
0.0663 0
0.0673 0
0.0683 0
0.0693 0
0.0703 0
0.0713 0
0.0723 0
0.0733 0
0.0743 0
0.0753 0
0.0763 0
0.0773 0
0.0783 0
0.0793 0
0.0803 0
0.0813 0
0.0823 0
0.0833 0
0.0843 0
0.0853 0
0.0863 0
0.0873 0
0.0883 0
0.0893 0
0.0903 0
0.0913 0
0.0923 0
0.0933 0
0.0943 0
0.0953 0
0.0963 0
0.0973 0
0.0983 0
0.0993 0
0.1003 0
0.1013 0
0.1023 0
0.1033 0
0.1043 0
0.1053 0
0.1063 0
0.1073 0
0.1083 0
0.1093 0
0.1103 0
0.1113 0
0.1123 0
0.1133 0
0.1143 0
0.1153 0
0.1163 0
0.1173 0
0.1183 0
0.1193 0
0.1203 0
0.1213 0
0.1223 0
0.1233 0
0.1243 0
0.1253 0
0.1264 0
0.1275 0
0.1286 0
0.1297 0
0.1308 0
0.1319 0
0.133 0
0.1341 -1.14092e-10
0.1352 -9.20034e-07
0.1363 1.17686e-05
0.1374 -6.70469e-06
0.1385 -2.96133e-05
0.1396 -5.19498e-05
0.1407 -6.25e-05
0.1418 -6.84022e-05
0.1429 -6.06178e-05
0.144 -2.37068e-05
0.1451 1.47502e-05
0.1462 4.18747e-05
0.1473 8.60374e-05
0.1484 0.000122418
0.1495 4.1802e-05
0.1506 -4.25852e-05
0.1517 -0.000195188
0.1528 -0.000314358
0.1539 -0.000320791
0.155 -0.00016092
0.1561 9.46144e-05
0.1572 0.000295491
0.1583 0.000541125
0.1594 0.000847544
0.1605 0.00113891
0.1616 0.00130587
0.1627 0.00163377
0.1638 0.00212309
0.1649 0.00262978
0.166 0.00305487
0.1671 0.00345257
0.1682 0.00380604
0.1693 0.00410214
0.1704 0.00439423
0.1715 0.00475984
0.1726 0.00523827
0.1737 0.00575843
0.1748 0.00623674
0.1759 0.00663189
0.177 0.00687494
0.1781 0.00699154
0.1792 0.00719983
0.1803 0.00758246
0.1814 0.0081787
0.1825 0.00892231
0.1836 0.00977186
0.1847 0.0106482
0.1858 0.011439
0.1869 0.0121078
0.188 0.0127772
0.1891 0.0136124
0.1902 0.0145413
0.1913 0.0155152
0.1924 0.0165145
0.1935 0.0174213
0.1946 0.0181509
0.1957 0.0186958
0.1968 0.01915
0.1979 0.0194814
0.199 0.0198041
0.2001 0.0202171
0.2012 0.0207276
0.2023 0.0212554
0.2034 0.0216492
0.2045 0.0219131
0.2056 0.0221761
0.2067 0.0224856
0.2078 0.0229138
0.2089 0.0234507
0.21 0.0240524
0.2111 0.0246169
0.2122 0.0251122
0.2133 0.0255583
0.2144 0.0259941
0.2155 0.0264312
0.2166 0.0268254
0.2177 0.0272401
0.2188 0.0276503
0.2199 0.0279772
0.221 0.0281993
0.2221 0.0283224
0.2232 0.0283835
0.2243 0.0283869
0.2254 0.0283557
0.2265 0.028334
0.2276 0.028304
0.2287 0.0282531
0.2298 0.0282017
0.2309 0.0281428
0.232 0.0280874
0.2331 0.0280407
0.2342 0.0280358
0.2353 0.0280299
0.2364 0.02802
0.2375 0.0279886
0.2386 0.027929
0.2397 0.0278837
0.2408 0.0278426
0.2419 0.0278003
0.243 0.0277859
0.2441 0.0277962
0.2452 0.0277874
0.2463 0.0277426
0.2474 0.0276642
0.2485 0.0275679
0.2496 0.0274584
0.2507 0.0272987
0.2518 0.0270644
0.2529 0.0267843
0.254 0.0264902
0.2551 0.0261902
0.2562 0.0258502
0.2573 0.0255168
0.2584 0.0252144
0.2595 0.0249534
0.2606 0.0246894
0.2617 0.0244171
0.2628 0.0241648
0.2639 0.023939
0.265 0.0237222
0.2661 0.0235179
0.2672 0.0233464
0.2683 0.0231627
0.2694 0.0229994
0.2705 0.022844
0.2716 0.0226978
0.2727 0.0225739
0.2738 0.0224506
0.2749 0.0222955
0.276 0.0220626
0.2771 0.0217848
0.2782 0.0214857
0.2793 0.0211813
0.2804 0.0208605
0.2815 0.0205092
0.2826 0.020146
0.2837 0.0197693
0.2848 0.0193948
0.2859 0.0190031
0.287 0.0186368
0.2881 0.0183335
0.2892 0.0180772
0.2903 0.0178691
0.2914 0.0177222
0.2925 0.0175976
0.2936 0.0174644
0.2947 0.017323
0.2958 0.0171866
0.2969 0.017078
0.298 0.0169671
0.2991 0.0168599
0.3002 0.0167113
0.3013 0.0165459
0.3024 0.0163302
0.3035 0.0160799
0.3046 0.0157646
0.3057 0.0154318
0.3068 0.0150995
0.3079 0.0147683
0.309 0.0145175
0.3101 0.014287
0.3112 0.0140549
0.3123 0.013784
0.3134 0.0135242
0.3145 0.0132999
0.3156 0.0131118
0.3167 0.012982
0.3178 0.0129385
0.3189 0.0129371
0.32 0.0129415
0.3211 0.012929
0.3222 0.0129112
0.3233 0.0128956
0.3244 0.0128717
0.3255 0.0128518
0.3266 0.0128111
0.3277 0.0127656
0.3288 0.0127064
0.3299 0.0126155
0.331 0.0124777
0.3321 0.0123097
0.3332 0.0121104
0.3343 0.0119067
0.3354 0.0117097
0.3365 0.0115198
0.3376 0.0113443
0.3387 0.0111627
0.3398 0.0109886
0.3409 0.0108501
0.342 0.0107316
0.3431 0.0106092
0.3442 0.0105119
0.3453 0.0104436
0.3464 0.0103716
0.3475 0.0103002
0.3486 0.0102759
0.3497 0.0103054
0.3508 0.0103557
0.3519 0.010392
0.353 0.0104167
0.3541 0.0104332
0.3552 0.0104476
0.3563 0.010445
0.3574 0.0104286
0.3585 0.0103694
0.3596 0.010289
0.3607 0.0102036
0.3618 0.010117
0.3629 0.0100084
0.364 0.00989541
0.3651 0.00980259
0.3662 0.0097262
0.3673 0.0096714
0.3684 0.00962274
0.3695 0.00957504
0.3706 0.00955222
0.3717 0.00951478
0.3728 0.00947186
0.3739 0.00945682
0.375 0.00949644
0.3761 0.00957759
0.3772 0.00968628
0.3783 0.00979486
0.3794 0.00988432
0.3805 0.00994588
0.3816 0.00997951
0.3827 0.010013
0.3838 0.0100518
0.3849 0.0101045
0.386 0.0101448
0.3871 0.0101695
0.3882 0.0101595
0.3893 0.0101043
0.3904 0.0100306
0.3915 0.00996185
0.3926 0.00990493
0.3937 0.00985593
0.3948 0.00981853
0.3959 0.00978339
0.397 0.0097476
0.3981 0.00970684
0.3992 0.00964476
0.4003 0.00959325
0.4014 0.00957609
0.4025 0.0096097
0.4036 0.00970291
0.4047 0.0098008
0.4058 0.0098749
0.4069 0.00993304
0.408 0.00997399
0.4091 0.00999163
0.4102 0.0100067
0.4113 0.0100385
0.4124 0.0100842
0.4135 0.0100941
0.4146 0.0100376
0.4157 0.00994235
0.4168 0.00982821
0.4179 0.00971854
0.419 0.00962602
0.4201 0.00953983
0.4212 0.00946795
0.4223 0.00939778
0.4234 0.00931057
0.4245 0.00922007
0.4256 0.00914543
0.4267 0.00909457
0.4278 0.00904819
0.4289 0.00899336
0.43 0.0089418
0.4311 0.00892526
0.4322 0.00890693
0.4333 0.00888494
0.4344 0.00887201
0.4355 0.0088767
0.4366 0.00886588
0.4377 0.00882969
0.4388 0.00877215
0.4399 0.00871355
0.441 0.00866408
0.4421 0.00861396
0.4432 0.00855003
0.4443 0.008462
0.4454 0.00834637
0.4465 0.00821691
0.4476 0.00807947
0.4487 0.00795895
0.4498 0.00785382
0.4509 0.0077644
0.45195 0.00766677
0.453 0.00757773
0.454025 0.00750527
0.4551 0.00743348
0.4562 0.007384
0.4573 0.00734975
0.4584 0.00733958
0.4595 0.00733523
0.4606 0.00732472
0.4617 0.00732389
0.4628 0.00733553
0.4639 0.00734859
0.465 0.0073515
0.4661 0.00734548
0.4672 0.00733714
0.4683 0.00731369
0.4694 0.00727453
0.4705 0.00722577
0.4716 0.00717505
0.4727 0.00711938
0.4738 0.00706125
0.4749 0.00699204
0.476 0.00691255
0.4771 0.00683331
0.4782 0.00675905
0.4793 0.00668577
0.4804 0.006627
0.4815 0.00658138
0.4826 0.00651875
0.4837 0.00642756
0.4848 0.00634099
0.4859 0.00629023
0.487 0.00628567
0.4881 0.00628704
0.4892 0.00629097
0.4903 0.00632654
0.4914 0.00636986
0.4925 0.00640062
0.4936 0.00639499
0.4947 0.00638204
0.4958 0.00636353
0.4969 0.00635049
0.498 0.0063517
0.4991 0.00636574
0.5002 0.00636668
0.5013 0.00633326
0.5024 0.0062737
0.5035 0.00619423
0.5046 0.00610399
0.5057 0.00595993
0.5068 0.00581505
0.5079 0.00572503
0.509 0.00568453
0.5101 0.00567178
0.5112 0.00567885
0.5123 0.00570667
0.5134 0.00572659
0.5145 0.00573527
0.5156 0.00573956
0.5167 0.00578738
0.5178 0.00587196
0.5189 0.00591004
0.52 0.00594534
0.5211 0.0060055
0.5222 0.00607944
0.5233 0.00612698
0.5244 0.00617208
0.5255 0.00624363
0.5266 0.00629926
0.5277 0.00631436
0.52875 0.00631788
0.5298 0.00633071
0.5309 0.00635629
0.532 0.00637585
0.5331 0.0063863
0.5342 0.00640104
0.53525 0.00641152
0.5363 0.00641416
0.5374 0.0064233
0.5385 0.00645493
0.5396 0.00649577
0.5407 0.00653499
0.5418 0.00657926
0.5429 0.00663208
0.544 0.00668672
0.5451 0.00673596
0.5462 0.00676756
0.5473 0.00679868
0.54835 0.0068447
0.5494 0.00690346
0.5505 0.0069681
0.5516 0.00703213
0.5527 0.0070898
0.5538 0.00713814
0.554825 0.007177
0.5559 0.00720199
0.557 0.0072214
0.5581 0.00724449
0.5592 0.00728173
0.5603 0.00734036
0.5614 0.00740096
0.5625 0.00745044
0.5636 0.00748499
0.5647 0.00750994
0.5658 0.00754284
0.5669 0.00759907
0.568 0.00766031
0.5691 0.0077136
0.5702 0.00776472
0.5713 0.00782392
0.5724 0.00787998
0.5735 0.00792227
0.5746 0.00795336
0.5757 0.00799754
0.5768 0.00805712
0.5779 0.00811818
0.579 0.00817714
0.5801 0.00823465
0.5812 0.0082953
0.5823 0.00834588
0.5834 0.00838652
0.5845 0.00842633
0.5856 0.00847184
0.5867 0.00851619
0.5878 0.00855686
0.5889 0.00859556
0.59 0.00863448
0.5911 0.00864862
0.5922 0.00865279
0.5933 0.00865997
0.5944 0.00866927
0.5955 0.00867243
0.5966 0.00866873
0.5977 0.00867389
0.5988 0.00868791
0.5999 0.00869302
0.601 0.0086862
0.6021 0.0086845
0.6032 0.00869635
0.6043 0.00871417
0.6054 0.00872474
0.6065 0.00872493
0.6076 0.00874045
0.6087 0.00876053
0.6098 0.00877834
0.6109 0.00879711
0.612 0.00879672
0.6131 0.00880675
0.6142 0.00883907
0.6153 0.00887139
0.6164 0.00886391
0.6175 0.00881502
0.6186 0.00876952
0.6197 0.00875396
0.6208 0.00875302
0.6219 0.00876275
0.623 0.00879738
0.6241 0.00883401
0.6252 0.0088523
0.6263 0.00886278
0.6274 0.0088972
0.6285 0.00890144
0.6296 0.00889042
0.6307 0.00886339
0.6318 0.00879694
0.6329 0.00867965
0.634 0.00853964
0.6351 0.00838325
0.6362 0.008188
0.6373 0.00795705
0.6384 0.00768355
0.6395 0.00738899
0.6406 0.00707669
0.6417 0.00676003
0.6428 0.00645116
0.6439 0.00616723
0.645 0.00590805
0.6461 0.00566958
0.6472 0.00545374
0.6483 0.00525543
0.6494 0.00507672
0.6505 0.00491387
0.6516 0.00476562
0.6527 0.00462507
0.6538 0.00448306
0.6549 0.00432653
0.656 0.00416178
0.6571 0.00399797
0.6582 0.00381718
0.6593 0.00361289
0.6604 0.003394
0.6615 0.00315983
0.6626 0.00290832
0.6637 0.00264492
0.6648 0.00237846
0.6659 0.00211619
0.667 0.00185269
0.6681 0.00159102
0.6692 0.00133797
0.6703 0.00109811
0.6714 0.000870532
0.6725 0.000655181
0.6736 0.000448303
0.6747 0.000251441
0.6758 8.00931e-05
0.6769 -6.56729e-05
0.678 -0.000192806
0.6791 -0.000309932
0.6802 -0.000417728
0.6813 -0.000516435
0.6824 -0.000614871
0.6835 -0.000721161
0.6846 -0.000832086
0.6857 -0.000943889
0.6868 -0.00106517
0.6879 -0.00120147
0.689 -0.00133585
0.6901 -0.0014565
0.6912 -0.00156475
0.6923 -0.00166016
0.6934 -0.00174685
0.6945 -0.00183188
0.6956 -0.00191064
0.6967 -0.001974
0.6978 -0.00202244
0.6989 -0.00204478
0.7 -0.00203401
0.7011 -0.00199477
0.7022 -0.00194442
0.7033 -0.00189989
0.7044 -0.00185843
0.7055 -0.00181168
0.7066 -0.00175547
0.7077 -0.00168369
0.7088 -0.00159883
0.7099 -0.0015064
0.711 -0.00141383
0.7121 -0.00132422
0.7132 -0.00123428
0.7143 -0.00114161
0.7154 -0.00104211
0.7165 -0.000935972
0.7176 -0.000816876
0.7187 -0.000682488
0.7198 -0.000538635
0.7209 -0.00040068
0.722 -0.000279343
0.7231 -0.000152661
0.7242 -5.67898e-06
0.7253 0.000157934
0.7264 0.000340308
0.7275 0.000540495
0.7286 0.000747386
0.7297 0.000955347
0.7308 0.00115755
0.7319 0.00135563
0.733 0.00155602
0.7341 0.00176519
0.7352 0.00197651
0.7363 0.00218782
0.7374 0.00240065
0.7385 0.00259233
0.7396 0.00276703
0.7407 0.00292916
0.7418 0.00308431
0.7429 0.00323062
0.744 0.00337366
0.7451 0.00351897
0.7462 0.00366517
0.7473 0.00380107
0.7484 0.00392878
0.7495 0.00406056
0.7506 0.0041981
0.7517 0.00433852
0.7528 0.0044843
0.7539 0.00463461
0.755 0.00478649
0.7561 0.00493214
0.7572 0.00506778
0.7583 0.00518961
0.7594 0.00529371
0.7605 0.00538241
0.7616 0.00545802
0.7627 0.00552096
0.7638 0.00556564
0.7649 0.00559973
0.766 0.00562817
0.7671 0.00564648
0.7682 0.00565024
0.7693 0.00564364
0.77035 0.00563174
0.7714 0.0056107
0.7725 0.00558078
0.7736 0.00555276
0.7747 0.00552736
0.7758 0.00549856
0.7769 0.00546151
0.77795 0.00542411
0.779 0.00537981
0.7801 0.00532027
0.7812 0.00525763
0.7823 0.00519374
0.7834 0.00511686
0.7845 0.00502371
0.7856 0.00491444
0.7867 0.00478721
0.7878 0.00464906
0.7889 0.00450142
0.79 0.00434216
0.7911 0.00417861
0.7922 0.00400982
0.7933 0.00383629
0.7944 0.00366161
0.7955 0.00346596
0.7966 0.00326009
0.7977 0.00305167
0.7988 0.00285028
0.7999 0.00266015
0.801 0.00247718
0.8021 0.00229553
0.8032 0.00210756
0.8043 0.00190461
0.8054 0.00168742
0.8065 0.00146329
0.8076 0.00124336
0.8087 0.00102968
0.80975 0.000830086
0.8108 0.000622336
0.8119 0.00039207
0.813 0.000147902
0.8141 -9.62594e-05
0.8152 -0.000333607
0.8163 -0.000560348
0.8174 -0.000774928
0.8185 -0.000978545
0.8196 -0.00118112
0.8207 -0.00138111
0.8218 -0.00156938
0.8229 -0.00175069
0.824 -0.00191933
0.8251 -0.00207713
0.8262 -0.00223808
0.8273 -0.00239241
0.8284 -0.0025386
0.8295 -0.00268851
0.8306 -0.00282422
0.8317 -0.00294034
0.8328 -0.00304167
0.8339 -0.00312955
0.835 -0.00320697
0.8361 -0.00327901
0.8372 -0.00335538
0.8383 -0.00343266
0.8394 -0.00348677
0.8405 -0.00352135
0.8416 -0.00354809
0.8427 -0.00356986
0.84375 -0.00358424
0.8448 -0.00359205
0.8459 -0.0035958
0.847 -0.00358714
0.8481 -0.0035562
0.8492 -0.00350327
0.8503 -0.00343116
0.8514 -0.00334683
0.8525 -0.00325015
0.8536 -0.00314099
0.8547 -0.00302605
0.8558 -0.00291545
0.8569 -0.00279627
0.858 -0.00265948
0.8591 -0.00250936
0.8602 -0.00235751
0.8613 -0.00220143
0.8624 -0.00203973
0.8635 -0.00188
0.8646 -0.00172003
0.8657 -0.00154701
0.8668 -0.00135912
0.8679 -0.00116652
0.869 -0.000968837
0.8701 -0.000764302
0.8712 -0.000554655
0.8723 -0.000347758
0.8734 -0.000138734
0.8745 7.84145e-05
0.8756 0.000299262
0.8767 0.000520953
0.8778 0.000741988
0.8789 0.000959236
0.88 0.00116735
0.8811 0.00136766
0.8822 0.00156691
0.8833 0.00176765
0.8844 0.0019664
0.8855 0.0021588
0.8866 0.00234472
0.8877 0.00252376
0.8888 0.00269373
0.8899 0.00286058
0.891 0.00302313
0.8921 0.00317875
0.8932 0.00332961
0.8943 0.00347691
0.8954 0.00361812
0.8965 0.0037501
0.8976 0.00387105
0.8987 0.00398285
0.8998 0.0040824
0.9009 0.0041651
0.902 0.00423628
0.9031 0.00429553
0.9042 0.00434268
0.9053 0.00437837
0.9064 0.00439317
0.9075 0.00439122
0.9086 0.00437343
0.9097 0.00434508
0.9108 0.00431424
0.9119 0.00428582
0.91295 0.00425959
0.914 0.00422129
0.9151 0.00416466
0.91615 0.00410236
0.9172 0.00403259
0.9183 0.00395519
0.9194 0.00386886
0.9205 0.00377604
0.9216 0.0036743
0.9227 0.0035563
0.9238 0.00341863
0.9249 0.00326596
0.926 0.00310458
0.9271 0.00293514
0.9282 0.00275641
0.9293 0.00256928
0.9304 0.00237435
0.9315 0.00217102
0.9326 0.00196246
0.9337 0.00175477
0.9348 0.00155027
0.9359 0.00134665
0.937 0.0011423
0.9381 0.000937301
0.9392 0.000733511
0.9403 0.000531557
0.9414 0.000331012
0.9425 0.000139028
0.9436 -5.28866e-05
0.9447 -0.000252199
0.9458 -0.000456724
0.9469 -0.000664823
0.948 -0.000874387
0.9491 -0.00108398
0.9502 -0.00128867
0.9513 -0.00149058
0.9524 -0.00169405
0.9535 -0.0018882
0.9546 -0.00207407
0.9557 -0.00225333
0.9568 -0.00242304
0.9579 -0.00258193
0.959 -0.0027283
0.9601 -0.00286666
0.9612 -0.00299168
0.9623 -0.00310092
0.9634 -0.00319786
0.9645 -0.00328611
0.9656 -0.00336446
0.9667 -0.00343839
0.9678 -0.00350652
0.9689 -0.00356316
0.97 -0.00360655
0.9711 -0.00363968
0.9722 -0.00366649
0.9733 -0.0036874
0.97435 -0.00370052
0.9754 -0.00370695
0.9765 -0.00370489
0.9776 -0.00369265
0.97865 -0.00367111
0.9797 -0.00363884
0.980725 -0.0035889
0.9818 -0.00351967
0.9829 -0.00343882
0.984 -0.00334821
0.9851 -0.00324662
0.9862 -0.00313519
0.9873 -0.00301458
0.9884 -0.0028852
0.9895 -0.00274846
0.9906 -0.00260477
0.9917 -0.00245562
0.9928 -0.00230423
0.9939 -0.0021459
0.995 -0.00197212
0.9961 -0.001794
0.9972 -0.001622
0.9983 -0.00145585
0.9994 -0.00128854
