0 0 0
0.001 0 0
0.002 0 0
0.0031 0 0
0.0042 0 0
0.0052 0 0
0.0062 0 0
0.0072 0 0
0.0082 0 0
0.0093 0 0
0.0104 0 0
0.0115 0 0
0.0126 0 0
0.0137 0 0
0.0148 0 0
0.0159 0 0
0.017 0 0
0.0181 0 0
0.0192 0 0
0.0203 0 0
0.0214 0 0
0.0225 0 0
0.0236 0 0
0.0247 0 0
0.0258 0 0
0.0269 0 0
0.028 0 0
0.0291 0 0
0.0302 0 0
0.0313 0 0
0.0323 0 0
0.0333 0 0
0.0343 0 0
0.0353 0 0
0.0363 0 0
0.0373 0 0
0.0383 0 0
0.0393 0 0
0.0403 0 0
0.0413 0 0
0.0423 0 0
0.0433 0 0
0.0443 0 0
0.0453 0 0
0.0463 0 0
0.0473 0 0
0.0483 0 0
0.0493 0 0
0.0503 0 0
0.0513 0 0
0.0523 0 0
0.0533 0 0
0.0543 0 0
0.0553 0 0
0.0563 0 0
0.0573 0 0
0.0583 0 0
0.0593 0 0
0.0603 0 0
0.0613 0 0
0.0623 0 0
0.0633 0 0
0.0643 0 0
0.0653 0 0
0.0663 0 0
0.0673 0 0
0.0683 0 0
0.0693 0 0
0.0703 0 0
0.0713 0 0
0.0723 0 0
0.0733 0 0
0.0743 0 0
0.0753 0 0
0.0763 0 0
0.0773 0 0
0.0783 0 0
0.0793 0 0
0.0803 0 0
0.0813 0 0
0.0823 0 0
0.0833 0 0
0.0843 0 0
0.0853 0 0
0.0863 0 0
0.0873 0 0
0.0883 0 0
0.0893 0 0
0.0903 0 0
0.0913 0 0
0.0923 0 0
0.0933 0 0
0.0943 0 0
0.0953 0 0
0.0963 0 0
0.0973 0 0
0.0983 0 0
0.0993 0 0
0.1003 0 0
0.1013 0 0
0.1023 0 0
0.1033 0 0
0.1043 0 0
0.1053 0 0
0.1063 0 0
0.1073 0 0
0.1083 0 0
0.1093 0 0
0.1103 0 0
0.1113 0 0
0.1123 0 0
0.1133 0 0
0.1143 0 0
0.1153 0 0
0.1163 0 0
0.1173 0 0
0.1183 0 0
0.1193 0 0
0.1203 0 0
0.1213 0 0
0.1223 0 0
0.1233 0 0
0.1243 0 0
0.1253 0 0
0.1264 0 0
0.1275 0 0
0.1286 0 0
0.1297 0 0
0.1308 0 0
0.1319 0 0
0.133 0 0
0.1341 3.37675e-06 -4.79023e-09
0.1352 0.00778543 -0.00121731
0.1363 0.0290305 -0.0369314
0.1374 -0.0144633 0.0484606
0.1385 0.012252 -0.00254754
0.1396 -0.0222823 -0.00320386
0.1407 -0.000304452 -0.00860786
0.1418 -0.00642992 0.0140654
0.1429 -0.0292303 0.0169088
0.144 -0.00237106 -0.019874
0.1451 0.00687396 -0.0063087
0.1462 0.0115919 -0.0017788
0.1473 -0.0396074 -0.0308636
0.1484 0.120657 0.0328274
0.1495 -0.0196471 -0.0204448
0.1506 0.103907 -0.0272304
0.1517 -0.0305016 0.0720839
0.1528 -0.0971267 0.011391
0.1539 -0.162437 -0.0159604
0.155 -0.132754 -0.0183059
0.1561 0.0977237 0.0142188
0.1572 -0.0467107 0.0148367
0.1583 -0.0622805 -0.0218941
0.1594 -0.0588595 -0.0525036
0.1605 0.212411 0.010172
0.1616 -0.161601 0.0666252
0.1627 -0.155772 -0.0293165
0.1638 -0.0296925 -0.0300572
0.1649 0.0716738 -0.053728
0.166 0.0243173 0.00555184
0.1671 0.0369789 0.0157122
0.1682 0.0698113 -0.00160499
0.1693 0.014992 -0.00343169
0.1704 -0.10009 -0.0117484
0.1715 -0.120735 0.0213232
0.1726 -0.0284747 -0.0519122
0.1737 0.0148882 -0.0501333
0.1748 0.0956637 -0.0181501
0.1759 0.127515 0.00974701
0.177 0.193991 -0.00740352
0.1781 -0.129321 0.0475838
0.1792 -0.133599 0.0857403
0.1803 -0.207257 0.0567368
0.1814 -0.143544 0.0433479
0.1825 -0.116201 0.0150833
0.1836 -0.0500077 0.0144479
0.1847 0.0744443 -0.0139162
0.1858 0.121391 -0.0326687
0.1869 0.0294471 -0.0234842
0.188 -0.17868 0.0449643
0.1891 -0.107306 -0.00524255
0.1902 -0.0341923 0.0456254
0.1913 -0.0941667 0.0577906
0.1924 0.0917742 0.026316
0.1935 0.0732774 -0.0694104
0.1946 0.210758 -0.0894228
0.1957 0.0380943 0.0514309
0.1968 0.129325 -0.099709
0.1979 0.0106568 0.020858
0.199 -0.11768 0.0495974
0.2001 -0.122713 0.0293374
0.2012 -0.0176051 -0.0279205
0.2023 0.130881 -0.113786
0.2034 0.166631 -0.0554871
0.2045 0.0134212 -0.0242715
0.2056 -0.0483396 0.0139974
0.2067 -0.124377 0.0828309
0.2078 -0.0814864 0.105029
0.2089 -0.0476835 0.110903
0.21 0.0346574 -0.0155316
0.2111 0.0490283 -0.0606878
0.2122 0.0384253 -0.019891
0.2133 0.00947375 -0.0385976
0.2144 -0.0531733 -0.00531886
0.2155 0.0618519 -0.0418418
0.2166 -0.0137659 0.0355274
0.2177 -0.0207581 0.00472063
0.2188 0.0713927 -0.0413607
0.2199 0.0895861 -0.0623189
0.221 0.10072 -0.0421789
0.2221 0.071516 -0.00663982
0.2232 0.0654185 -0.0227679
0.2243 0.0420096 -0.0120858
0.2254 0.0108537 0.0896835
0.2265 0.0442846 0.0102798
0.2276 0.0222013 -0.0465577
0.2287 0.0123819 -0.0118168
0.2298 0.0299625 -0.0261638
0.2309 0.0180716 -0.0175814
0.232 0.0184884 0.000428596
0.2331 -0.0644133 0.0501802
0.2342 0.00882779 -0.000299872
0.2353 -0.000845987 0.0561307
0.2364 -0.00129467 0.0129538
0.2375 0.0538253 -0.00833262
0.2386 -0.00856865 0.0350261
0.2397 -0.0046339 -0.0124079
0.2408 -0.0127574 0.0117423
0.2419 -0.0249433 0.0220841
0.243 -0.0197978 0.0112056
0.2441 0.0151636 -0.0119733
0.2452 0.0480026 -0.0410105
0.2463 0.0295315 -0.00228357
0.2474 0.0414681 -0.00324291
0.2485 0.064244 0.0257308
0.2496 0.064308 -0.0291427
0.2507 0.0826516 -0.0468514
0.2518 0.0597476 -0.00883056
0.2529 0.0238293 -0.0037838
0.254 0.0501377 0.0265335
0.2551 0.0714128 -0.0368021
0.2562 0.0270965 -0.0114099
0.2573 -0.0228646 -0.0102535
0.2584 -0.00637107 0.100047
0.2595 -0.00206916 -0.0177134
0.2606 0.0376874 -0.000150943
0.2617 -0.00858992 0.0379292
0.2628 -0.0199332 0.0323521
0.2639 0.0162277 0.0286319
0.265 0.0115909 0.0150257
0.2661 0.00134008 0.107124
0.2672 -0.00468569 -0.00173234
0.2683 -0.0335864 -0.00291363
0.2694 -0.00200179 0.00830648
0.2705 0.00132683 0.00833366
0.2716 0.00596382 -0.0149903
0.2727 -0.00266602 0.0141096
0.2738 0.0244997 -0.020898
0.2749 0.0781826 -0.0504197
0.276 0.0389266 0.00214219
0.2771 0.0168922 0.00492959
0.2782 0.00183202 0.0272614
0.2793 -0.00246808 0.0292739
0.2804 0.0485546 -0.0163792
0.2815 0.0295209 0.0143456
0.2826 0.0128938 0.00696703
0.2837 0.00679806 -0.0142446
0.2848 0.0431327 -0.0221572
0.2859 0.0107326 0.0113118
0.287 -0.0308052 0.0165482
0.2881 -0.06461 -0.0109932
0.2892 -0.061105 0.0128259
0.2903 -0.0748106 0.0446167
0.2914 -0.0210884 0.0269044
0.2925 0.0117985 0.0310499
0.2936 -0.000506099 0.016163
0.2947 -0.00874045 0.0148638
0.2958 -0.0311163 0.0260814
0.2969 0.0234448 -0.0132884
0.298 -0.0271891 0.0209257
0.2991 0.0506417 -0.0547085
0.3002 0.0194382 -0.0431999
0.3013 0.0416687 -0.0344254
0.3024 0.0572351 -0.0262047
0.3035 0.10333 -0.030725
0.3046 0.0564037 0.0667352
0.3057 0.021458 0.0314811
0.3068 0.0132936 0.00502011
0.3079 -0.00549416 0.068187
0.309 -0.0249956 0.0224528
0.3101 0.00416687 0.00571582
0.3112 0.0392333 -0.0109624
0.3123 0.00221009 0.00953434
0.3134 -0.0412178 0.0492671
0.3145 -0.0360021 -0.00528409
0.3156 -0.0634586 0.0017769
0.3167 -0.0967562 0.0268742
0.3178 -0.0473503 0.0184633
0.3189 -0.0165234 0.000142452
0.32 0.0121701 0.000920193
0.3211 0.00871912 -0.00342057
0.3222 -0.0139631 0.00495735
0.3233 0.0224022 0.0141981
0.3244 -0.0198145 0.00643836
0.3255 0.0344694 -0.0143035
0.3266 -0.00659255 -0.0206216
0.3277 0.0142949 -0.00126575
0.3288 0.0319061 -0.00840899
0.3299 0.0619337 -0.0202893
0.331 0.028579 0.00656731
0.3321 0.0422379 -0.00644116
0.3332 0.0178543 0.00153372
0.3343 -0.00568697 0.0109348
0.3354 -0.0072438 0.00634513
0.3365 -0.0124508 0.0266651
0.3376 0.0228725 0.00897028
0.3387 0.00557679 0.0337735
0.3398 -0.00980338 0.0368412
0.3409 -0.0147627 0.00144294
0.342 0.0157463 -0.00285099
0.3431 -0.00921251 0.012331
0.3442 -0.0250672 0.00827392
0.3453 0.0201617 0.0226789
0.3464 0.0132465 -0.00737374
0.3475 -0.0632915 0.0314618
0.3486 -0.061882 0.00545957
0.3497 -0.0141099 0.00151555
0.3508 0.0156092 0.00782146
0.3519 0.0176052 0.000756197
0.353 0.00167423 0.021244
0.3541 0.014598 0.0270855
0.3552 0.0275465 -0.00217667
0.3563 0.0115634 0.00398298
0.3574 0.0522716 -0.00283539
0.3585 0.0335478 0.00868336
0.3596 0.0147653 0.0124934
0.3607 0.0137787 -0.00699702
0.3618 0.046856 -0.000549361
0.3629 0.0148832 0.00941765
0.364 -0.0204556 0.00950113
0.3651 -0.0160134 0.000931876
0.3662 -0.013524 0.0232429
0.3673 -0.0128808 0.0162855
0.3684 0.00464693 0.0121281
0.3695 -0.0355966 -0.0123318
0.3706 0.0187275 0.00742765
0.3717 0.0174565 0.00266982
0.3728 -0.022398 0.0103398
0.3739 -0.0550189 0.018201
0.375 -0.0433364 0.00625644
0.3761 -0.0397835 0.00588159
0.3772 -0.00660953 -0.00356825
0.3783 0.0229177 -0.00242433
0.3794 0.0236354 -0.00514309
0.3805 0.0387584 -0.00588738
0.3816 -0.000614023 0.0364824
0.3827 0.014224 0.0112155
0.3838 -0.0145685 0.0214304
0.3849 0.0172172 0.00624263
0.386 0.00323338 -0.00137388
0.3871 0.0508624 -0.00886815
0.3882 0.0835233 -0.00831448
0.3893 0.0476426 0.00271454
0.3904 0.00136811 0.000294262
0.3915 -0.0112847 0.00596136
0.3926 -0.00549266 -0.0066756
0.3937 -0.0163533 0.00902825
0.3948 0.0119737 0.00112872
0.3959 0.0029265 0.00511362
0.397 0.00270129 -0.00389963
0.3981 0.0394593 0.0073481
0.3992 -0.0115508 0.0114108
0.4003 -0.0374688 0.0311848
0.4014 -0.0443333 0.00848824
0.4025 -0.0588957 0.0109684
0.4036 -0.00793824 -0.00276598
0.4047 0.0327028 -0.000856059
0.4058 0.00605349 -0.0174369
0.4069 0.0104028 -0.00779782
0.408 0.0239697 -0.0124088
0.4091 0.00101082 0.0127642
0.4102 -0.0135329 0.0103095
0.4113 -0.0192792 0.0204328
0.4124 0.0282291 0.00578406
0.4135 0.0710757 -0.0117141
0.4146 0.0372477 -0.00989692
0.4157 0.0195433 0.00162944
0.4168 -0.00262054 0.00539694
0.4179 0.0044471 0.0267042
0.419 0.0111949 0.00230275
0.4201 -0.018453 -0.00294765
0.4212 -0.000823985 0.00658281
0.4223 0.0215258 -0.00585842
0.4234 -0.0109819 0.0173161
0.4245 -0.0178804 0.0140716
0.4256 -0.00188488 -0.00371149
0.4267 -0.0184096 0.00571925
0.4278 0.00986195 0.00166707
0.4289 0.0123579 0.00188667
0.43 -0.0359673 0.026314
0.4311 0.0026889 -0.00259618
0.4322 0.00477029 0.0170855
0.4333 -0.00882817 0.00519767
0.4344 -0.00744511 0.00217478
0.4355 0.0164397 -0.00328735
0.4366 0.0206272 -0.00567863
0.4377 0.0332857 0.000886595
0.4388 0.0013316 0.00936515
0.4399 -0.0101571 0.00681672
0.441 -0.00264731 0.00536755
0.4421 0.0135175 0.00153012
0.4432 0.0199015 0.000373722
0.4443 0.0312436 -0.000775561
0.4454 0.0148921 -0.00497729
0.4465 0.00603329 -0.00555183
0.4476 -0.00299764 0.0191697
0.4487 -0.00366208 0.00477551
0.4498 -0.0116582 0.0367797
0.4509 0.0214608 -0.0043058
0.45195 -0.00927171 -0.00130922
0.453 -0.0186048 0.0102469
0.454025 -0.00552226 0.013432
0.4551 -0.018264 0.00032483
0.4562 -0.00821411 0.0125515
0.4573 -0.0182951 -0.000160557
0.4584 -0.0114686 0.00557625
0.4595 0.0204661 -0.00884724
0.4606 -0.00780091 0.000312821
0.4617 -0.00802627 0.00373819
0.4628 0.00214898 -0.00227926
0.4639 0.0148411 -8.4723e-05
0.465 0.0100995 -2.7417e-05
0.4661 0.00401382 0.00412268
0.4672 0.0168799 0.000679528
0.4683 0.0208403 0.0021292
0.4694 0.0242603 0.00324312
0.4705 0.00646089 0.00629625
0.4716 0.0114362 0.00224748
0.4727 0.00612004 0.0032436
0.4738 0.010509 -0.00110777
0.4749 0.00976823 0.00443529
0.476 0.00276318 -0.000975322
0.4771 -0.00884766 0.00171873
0.4782 0.0073222 -0.00149511
0.4793 -0.000933925 -9.95935e-05
0.4804 -0.0200676 0.00604076
0.4815 0.0186537 -0.00195256
0.4826 0.0382904 -0.000777745
0.4837 0.00379686 0.000227738
0.4848 -0.0318977 0.00880294
0.4859 -0.0412494 0.0120687
0.487 -0.00977177 -0.00339786
0.4881 0.0101992 -0.000274684
0.4892 -0.0313642 0.0098277
0.4903 -0.0098014 -0.000656001
0.4914 0.00545608 -0.00536646
0.4925 0.0456482 -0.00676413
0.4936 -0.0043988 0.00964096
0.4947 0.0100098 0.00129496
0.4958 -0.00964178 0.0092243
0.4969 -0.00712433 0.00690898
0.498 -0.0162811 0.0147051
0.4991 0.0141659 0.00578907
0.5002 0.0404308 -0.000722333
0.5013 0.0400615 0.00391386
0.5024 0.0313899 0.00161768
0.5035 -0.00233715 -0.00367334
0.5046 0.0803384 -0.00603681
0.5057 0.00749061 0.00324029
0.5068 -0.0653599 0.0113396
0.5079 -0.0464767 0.000727732
0.509 -0.0222898 0.00520318
0.5101 -0.0226197 0.00660191
0.5112 -0.0209191 0.00198546
0.5123 0.0159881 -0.000204044
0.5134 0.0170234 -0.0120243
0.5145 0.0228572 -0.00322982
0.5156 -0.041888 0.00771802
0.5167 -0.0627545 0.00571364
0.5178 0.0685405 -0.0100637
0.5189 0.00674647 0.00724938
0.52 -0.0251435 0.00808949
0.5211 -0.0173349 0.00365882
0.5222 0.0350946 -0.00427486
0.5233 0.017068 0.011629
0.5244 -0.0309777 0.0141643
0.5255 0.0138715 -0.00205426
0.5266 0.0523939 -0.00527546
0.5277 0.0202681 0.00810944
0.52875 0.011995 -0.0527311
0.5298 -0.00367642 -0.0121594
0.5309 0.0147801 -0.0199884
0.532 0.0158917 -0.00942279
0.5331 -0.00474245 0.00521475
0.5342 0.00409488 -0.00203475
0.53525 0.0136659 -0.00983344
0.5363 -0.000189724 -0.00396448
0.5374 -0.0116558 0.00409858
0.5385 -0.0112319 0.0122486
0.5396 0.00864662 0.00398033
0.5407 0.00777052 -0.00291112
0.5418 -0.00498707 -0.000133897
0.5429 0.00383844 -0.00493797
0.544 0.00450159 -0.000403556
0.5451 0.0345212 -0.00420324
0.5462 0.0191104 -0.0158573
0.5473 -0.0174309 0.00232436
0.54835 -0.00163426 0.00292634
0.5494 -0.00141761 -0.00224532
0.5505 0.00892769 0.00957436
0.5516 0.0286766 0.0228746
0.5527 0.0242123 0.00750884
0.5538 0.0222061 0.00902646
0.554825 0.0269897 -0.00563949
0.5559 0.0137858 0.00434382
0.557 0.00184888 0.00248469
0.5581 0.00630176 0.00123407
0.5592 -3.66283e-05 0.000719295
0.5603 0.0107326 0.00960067
0.5614 0.0258266 -0.00388941
0.5625 0.0232178 -0.00987604
0.5636 0.0156381 -0.00639543
0.5647 0.00110883 -0.00464077
0.5658 -0.0145566 0.00956176
0.5669 -0.000454794 0.00274759
0.568 0.0304443 -0.00147938
0.5691 0.0115925 0.000278037
0.5702 0.00239787 0.0072402
0.5713 0.0172084 -0.00115019
0.5724 0.0230913 0.0087761
0.5735 0.0235272 -0.00279405
0.5746 -0.0103803 0.00089654
0.5757 -0.0164081 0.0024712
0.5768 0.00506103 0.00116162
0.5779 0.0151596 0.00259056
0.579 0.00955494 -0.00281508
0.5801 0.0086861 -0.00053962
0.5812 0.0275318 -0.0037379
0.5823 0.0195425 0.000789994
0.5834 0.00655019 0.00337916
0.5845 -0.00345166 0.00598109
0.5856 0.00741552 0.00812293
0.5867 0.00939788 0.00227124
0.5878 0.00231125 0.0248164
0.5889 0.0341571 0.0123091
0.59 0.0489056 -0.00178546
0.5911 0.0251677 0.0055141
0.5922 0.00728606 0.00184768
0.5933 0.00956682 0.00226053
0.5944 0.0157258 -0.00119392
0.5955 0.0205396 -0.00361932
0.5966 0.00387298 -4.24203e-05
0.5977 0.00578145 0.00512617
0.5988 0.0187686 0.00225629
0.5999 0.0273894 -0.00418274
0.601 0.00756695 0.00277311
0.6021 -0.0044569 0.00324031
0.6032 0.00738249 -0.00247976
0.6043 0.0138775 -0.00397011
0.6054 0.032425 -0.00771573
0.6065 -0.00280224 0.00961439
0.6076 0.00485885 -0.00303585
0.6087 0.0145818 -0.00479022
0.6098 0.00274814 -0.00917655
0.6109 0.0332391 -0.0328197
0.612 -0.00264745 0.0271233
0.6131 -0.0249209 0.00207821
0.6142 0.00472803 -0.0218734
0.6153 0.0547038 -0.0356812
0.6164 0.0527642 0.00608344
0.6175 0.0255264 0.0208625
0.6186 -0.0235988 0.00549817
0.6197 0.00458466 -0.0314622
0.6208 -0.00180109 -0.00130424
0.6219 -0.0333686 0.0430649
0.623 -0.00156048 -0.0122507
0.6241 0.027729 0.00406609
0.6252 0.0234571 -0.014192
0.6263 -0.0349084 0.0306056
0.6274 0.0427803 0.0150329
0.6285 0.0190151 -0.0206883
0.6296 0.0173263 -0.0096108
0.6307 0.0427607 -0.0148804
0.6318 0.0617254 -0.0150044
0.6329 0.0251972 -0.00468646
0.634 0.0221656 -0.0110534
0.6351 0.0397114 -0.0194063
0.6362 0.0343727 -0.0123761
0.6373 0.0161994 0.0115419
0.6384 0.0262662 0.00715065
0.6395 0.0243228 -0.00441015
0.6406 0.0139323 0.00872722
0.6417 0.0159085 0.0884344
0.6428 -0.0102683 0.0200262
0.6439 -0.0182984 -0.00369334
0.645 -0.0154227 0.00211735
0.6461 -0.0178532 0.00608423
0.6472 -0.0158527 0.00565116
0.6483 -0.0178533 0.00274669
0.6494 -0.0125859 -0.00665418
0.6505 -0.0157243 -0.00268455
0.6516 -0.0108029 0.00025944
0.6527 0.000811765 0.00358796
0.6538 0.0168556 -0.00833254
0.6549 0.012191 0.000666758
0.656 0.0147571 -0.00392682
0.6571 0.0154695 0.00330726
0.6582 0.0239174 0.005248
0.6593 0.00533108 0.00583599
0.6604 0.0144213 -0.000554591
0.6615 0.00240913 0.00791169
0.6626 0.0165882 0.0157157
0.6637 0.0104838 -0.00230189
0.6648 -0.00577549 0.00274632
0.6659 0.0032254 -0.000326596
0.667 -0.00190931 -0.00454781
0.6681 -0.00425625 0.00393937
0.6692 -0.0143069 0.00252286
0.6703 -0.00966334 -0.000195244
0.6714 -0.0113007 0.00640837
0.6725 -0.00779837 0.00419191
0.6736 -0.0058366 0.00153233
0.6747 -0.0256339 0.00118485
0.6758 -0.0224182 -0.00256779
0.6769 -0.0208358 0.00158899
0.678 -0.0161852 0.0029376
0.6791 -0.0115116 -0.00520571
0.6802 -0.00930504 -0.00710297
0.6813 -8.11193e-05 -0.00328333
0.6824 0.00577683 -0.001545
0.6835 0.00450104 -0.000785548
0.6846 0.000261224 -0.00162094
0.6857 0.00601829 0.000307443
0.6868 -0.00501294 -0.00190057
0.6879 0.00075441 0.00305405
0.689 -0.0143647 0.00130397
0.6901 -0.0108598 -0.00106183
0.6912 -0.0141653 0.00150019
0.6923 -0.0117375 -0.00214478
0.6934 -0.00244772 -0.00504078
0.6945 -0.00553742 -0.00527664
0.6956 -0.0181559 -0.00736554
0.6967 -0.0122575 -0.00304794
0.6978 -0.0220432 -0.00392281
0.6989 -0.0320314 -0.00424058
0.7 -0.0277038 -0.00228985
0.7011 -0.0154784 -0.0013918
0.7022 0.00863984 0.00575231
0.7033 0.0043046 0.00815605
0.7044 -0.00716862 -0.000883046
0.7055 -0.00651821 0.000999025
0.7066 -0.015054 -0.00381838
0.7077 -0.0119231 0.00122418
0.7088 -0.0101094 -0.0020937
0.7099 -0.017823 -0.0235478
0.711 0.00268761 -0.0138365
0.7121 -0.00115087 -0.00762584
0.7132 -0.010516 -0.0224147
0.7143 -0.00911925 -0.00142678
0.7154 -0.00543724 9.53113e-05
0.7165 -0.0125911 0.000776795
0.7176 -0.0163692 -0.0017693
0.7187 -0.00812056 -0.00348086
0.7198 0.00333307 -0.00250857
0.7209 0.0178057 0.00701927
0.722 -0.00223041 -0.00107825
0.7231 -0.0224445 -0.00178529
0.7242 -0.0122592 -0.00608657
0.7253 -0.0158788 0.00201707
0.7264 -0.0200722 0.00158545
0.7275 -0.00569931 -0.00234716
0.7286 -0.000542087 -0.00334385
0.7297 0.00403804 0.0012979
0.7308 0.00810329 0.00174486
0.7319 -0.00842594 0.00317428
0.733 -0.0272234 -0.0179786
0.7341 -0.0121884 -0.00516527
0.7352 -0.00496501 0.00536756
0.7363 -0.00931616 -0.000854618
0.7374 0.0160738 -0.0282683
0.7385 0.00684962 -0.00431553
0.7396 0.0071879 0.00346981
0.7407 0.00191107 -0.0010153
0.7418 0.00769991 -0.00291425
0.7429 0.0052233 -0.000714507
0.744 -0.000683629 0.000806569
0.7451 -0.00657843 0.00233404
0.7462 0.0103396 -0.00110491
0.7473 0.0116258 0.00088871
0.7484 -0.00119264 -0.000267235
0.7495 -0.00526252 0.00192917
0.7506 -0.00242008 -0.000696086
0.7517 -0.0054812 0.000407721
0.7528 -0.00392315 0.00195389
0.7539 -0.00256564 0.000121467
0.755 0.00564377 -0.00192236
0.7561 0.00987072 -0.00323907
0.7572 0.0134594 -0.00482175
0.7583 0.0175087 -0.00455139
0.7594 0.0149798 -0.00597756
0.7605 0.0132657 -0.00704593
0.7616 0.00434586 -0.00825406
0.7627 0.0188261 -0.010736
0.7638 0.0110189 -0.00459947
0.7649 0.00401691 -0.00296937
0.766 0.00933121 -0.00588998
0.7671 0.0143083 -0.00525794
0.7682 0.00983448 -0.00570208
0.7693 0.00461615 -0.00250914
0.77035 0.00822074 -0.00362659
0.7714 0.00804237 0.000797758
0.7725 0.0015604 0.000212669
0.7736 -0.00369028 0.00722897
0.7747 0.00171769 -0.000652522
0.7758 0.00935526 -0.000673437
0.7769 0.00215948 0.00379997
0.77795 0.00404104 -0.0015988
0.779 0.0152186 0.000393139
0.7801 0.00110769 0.00199903
0.7812 -0.00129419 0.000675801
0.7823 0.0136372 -0.00224815
0.7834 0.0137907 -0.00354318
0.7845 0.0142621 -0.00184332
0.7856 0.0162743 -0.0027389
0.7867 0.0104887 -0.00216323
0.7878 0.00746823 -0.00188129
0.7889 0.0118942 0.000871555
0.79 0.00282544 0.0022189
0.7911 0.00422847 0.00184538
0.7922 0.00650414 0.000928166
0.7933 -0.00467189 0.000208126
0.7944 0.0222234 -0.000493214
0.7955 0.00797932 0.00111711
0.7966 0.00395763 1.09866e-05
0.7977 -0.00561061 0.000494239
0.7988 -0.011019 -0.000810439
0.7999 -0.00648421 0.000386869
0.801 -0.00189251 0.000362873
0.8021 0.00357679 -0.000340762
0.8032 0.0135324 -0.000549497
0.8043 0.0120312 0.00040375
0.8054 0.0082997 0.00109353
0.8065 -0.00474393 0.00396553
0.8076 -0.00447397 0.00205977
0.8087 -0.00627826 6.80258e-05
0.80975 0.00877299 0.00010331
0.8108 0.0098769 0.00120688
0.8119 0.0140763 5.83112e-05
0.813 0.00291515 -0.000347818
0.8141 -0.00724262 -0.00150338
0.8152 -0.0094615 -0.000341683
0.8163 -0.00901683 0.00305359
0.8174 -0.0123028 0.000269021
0.8185 -0.00179118 -0.000157894
0.8196 0.00115053 0.00133571
0.8207 -0.0128683 0.00415891
0.8218 -0.00355169 -0.000824397
0.8229 -0.012116 0.00165397
0.824 -0.0142241 -0.00405069
0.8251 0.00662837 0.00272899
0.8262 -0.00456314 0.000681211
0.8273 -0.0138108 -0.00422924
0.8284 0.00712692 0.000669959
0.8295 -0.0132181 -0.00158213
0.8306 -0.0160706 0.00451434
0.8317 -0.0169552 -0.000564727
0.8328 -0.00936666 -0.00425769
0.8339 -0.00845753 0.00582409
0.835 -0.00663323 -0.00401463
0.8361 0.0032709 0.00344035
0.8372 0.00836912 -0.00522883
0.8383 -0.0212398 0.00261714
0.8394 -0.0184428 -0.000534116
0.8405 -0.00676309 -0.00229375
0.8416 -0.00451672 -0.000563127
0.8427 -0.00591062 0.000337109
0.84375 -0.00684756 0.000196345
0.8448 -0.00308272 0.000841994
0.8459 -0.00993867 -0.00133201
0.847 -0.0200269 -0.000237286
0.8481 -0.0183177 -0.000353311
0.8492 -0.0183693 -0.00233598
0.8503 -0.0100526 -0.000173686
0.8514 -0.0112159 -4.32788e-05
0.8525 -0.0107645 -0.00247445
0.8536 -0.00728603 -0.00392404
0.8547 0.00734227 0.00197658
0.8558 -0.00683185 0.000933055
0.8569 -0.0163255 0.00118546
0.858 -0.0138018 -0.00333595
0.8591 -0.000210482 0.00273095
0.8602 -0.00284624 0.00202401
0.8613 -0.00599984 0.00297199
0.8624 0.00192673 -0.00278249
0.8635 0.00190584 0.000448399
0.8646 -0.0114363 0.00265158
0.8657 -0.0150096 -0.00121555
0.8668 -0.00279253 -0.00279584
0.8679 -0.00450803 -0.000778479
0.869 -0.00543732 0.00107143
0.8701 -0.00763313 0.00320086
0.8712 0.00368114 -0.00127061
0.8723 -0.000488809 0.000132568
0.8734 -0.00883158 0.00315061
0.8745 -0.00306836 0.00213034
0.8756 -0.000494748 0.00140191
0.8767 -0.00020142 0.000380759
0.8778 0.00253991 0.000529936
0.8789 0.00804167 0.000477601
0.88 0.00772318 0.000702765
0.8811 0.000847166 -0.000905886
0.8822 -0.00145472 -0.000193854
0.8833 0.00125607 -0.000968458
0.8844 0.00573441 0.00141999
0.8855 0.00592631 0.00120518
0.8866 0.00474745 -0.000332836
0.8877 0.00953699 -3.8865e-05
0.8888 0.00254874 0.00144548
0.8899 0.00288849 0.000501538
0.891 0.00660732 0.000902802
0.8921 0.00392912 -0.000543994
0.8932 0.00255172 0.000774056
0.8943 0.00527934 0.00070451
0.8954 0.0076759 -0.000829178
0.8965 0.00996273 -0.00110888
0.8976 0.00741935 -0.000115892
0.8987 0.00935466 -0.00246674
0.8998 0.0161301 -0.000334422
0.9009 0.00924718 -0.000428014
0.902 0.0101992 -0.000296018
0.9031 0.0113947 0.00046436
0.9042 0.00832767 -0.00243979
0.9053 0.018902 -0.0010016
0.9064 0.0157102 -0.000188687
0.9075 0.0145866 -0.00245571
0.9086 0.00905367 -0.000413252
0.9097 0.00259925 0.000617432
0.9108 -0.00154524 0.00118601
0.9119 -0.00210118 0.000505801
0.91295 0.00829117 -0.00346291
0.914 0.0191073 0.000522981
0.9151 0.00625962 -8.94473e-05
0.91615 0.00725252 -0.000610571
0.9172 0.00231453 -0.000310785
0.9183 0.00868728 7.36383e-05
0.9194 0.00497353 0.000981373
0.9205 0.00726838 0.000442502
0.9216 0.0134565 -0.00215895
0.9227 0.017677 -0.0020339
0.9238 0.0140373 1.63963e-05
0.9249 0.00707712 0.000200469
0.926 0.00675294 -0.000897657
0.9271 0.00822759 -0.001446
0.9282 0.00740312 0.000589392
0.9293 0.0065199 0.00133897
0.9304 0.00780499 0.000113268
0.9315 0.00506494 0.000149547
0.9326 -0.00062781 0.00136947
0.9337 -0.00308626 0.00167154
0.9348 -0.0014703 0.000848996
0.9359 0.00087656 0.000283475
0.937 0.000784257 0.000460963
0.9381 -0.000904399 0.00114495
0.9392 -0.0031541 0.000271538
0.9403 0.00108415 -0.0002862
0.9414 -0.0102105 0.00232162
0.9425 -0.000405509 -0.00181131
0.9436 0.00716436 0.000824362
0.9447 0.00386417 0.000395041
0.9458 0.00375859 0.000887493
0.9469 4.49855e-05 0.000912284
0.948 0.000461097 0.000153061
0.9491 -0.00340897 0.00179498
0.9502 -0.00609127 0.000104319
0.9513 0.00492751 0.00264921
0.9524 -0.00916118 -0.000473225
0.9535 -0.00808657 0.000318342
0.9546 -0.00457505 0.000329568
0.9557 -0.0092177 -0.00112728
0.9568 -0.00805378 0.00112314
0.9579 -0.0127091 -0.00222738
0.959 -0.00553048 -0.000688157
0.9601 -0.0115185 -0.00114758
0.9612 -0.0144218 0.00161783
0.9623 -0.010909 -0.00033327
0.9634 -0.00705934 -0.000333121
0.9645 -0.0106574 -0.00158211
0.9656 -0.00356393 0.00059065
0.9667 -0.00366474 0.00262186
0.9678 -0.0109864 -0.00124129
0.9689 -0.0119548 -0.00164388
0.97 -0.00936499 -0.000982692
0.9711 -0.00525785 0.000705141
0.9722 -0.00437985 -0.000400533
0.9733 -0.00698553 -0.000771595
0.97435 -0.00582874 -0.00264792
0.9754 -0.00796586 0.000503116
0.9765 -0.00944146 -0.000571378
0.9776 -0.00968682 -0.0025642
0.97865 -0.00952916 -0.00457771
0.9797 -0.0190052 0.003112
0.980725 -0.0170978 0.00395824
0.9818 -0.00833647 0.00097124
0.9829 -0.00900989 -0.00294127
0.984 -0.00931572 -0.000423343
0.9851 -0.00832754 0.000842042
0.9862 -0.0076751 -0.000876266
0.9873 -0.00802871 -0.0030498
0.9884 -0.00615133 -0.00350084
0.9895 -0.00522517 -0.000909135
0.9906 -0.00519311 0.00281321
0.9917 -0.00237481 -0.00116561
0.9928 -0.00477667 -0.00127408
0.9939 -0.0174531 0.000827828
0.995 -0.00419231 0.00517228
0.9961 0.00599599 0.00410325
0.9972 0.00744064 0.000912096
0.9983 -0.00256465 -0.000540527
0.9994 0.00106602 -0.00193327
