0 0
0.001 0
0.002 0
0.0031 0
0.0042 0
0.0052 0
0.0062 0
0.0072 0
0.0082 0
0.0093 0
0.0104 0
0.0115 0
0.0126 0
0.0137 0
0.0148 0
0.0159 0
0.017 0
0.0181 0
0.0192 0
0.0203 0
0.0214 0
0.0225 0
0.0236 0
0.0247 0
0.0258 0
0.0269 0
0.028 0
0.0291 0
0.0302 0
0.0313 0
0.0323 0
0.0333 0
0.0343 0
0.0353 0
0.0363 0
0.0373 0
0.0383 0
0.0393 0
0.0403 0
0.0413 0
0.0423 0
0.0433 0
0.0443 0
0.0453 0
0.0463 0
0.0473 0
0.0483 0
0.0493 0
0.0503 0
0.0513 0
0.0523 0
0.0533 0
0.0543 0
0.0553 0
0.0563 0
0.0573 0
0.0583 0
0.0593 0
0.0603 0
0.0613 0
0.0623 0
0.0633 0
0.0643 0
0.0653 0
0.0663 0
0.0673 0
0.0683 0
0.0693 0
0.0703 0
0.0713 0
0.0723 0
0.0733 0
0.0743 0
0.0753 0
0.0763 0
0.0773 0
0.0783 0
0.0793 0
0.0803 0
0.0813 0
0.0823 0
0.0833 0
0.0843 0
0.0853 0
0.0863 0
0.0873 0
0.0883 0
0.0893 0
0.0903 0
0.0913 0
0.0923 0
0.0933 0
0.0943 0
0.0953 0
0.0963 0
0.0973 0
0.0983 0
0.0993 0
0.1003 0
0.1013 0
0.1023 0
0.1033 0
0.1043 0
0.1053 0
0.1063 0
0.1073 0
0.1083 0
0.1093 0
0.1103 0
0.1113 0
0.1123 0
0.1133 0
0.1143 0
0.1153 0
0.1163 0
0.1173 0
0.1183 0
0.1193 0
0.1203 0
0.1213 0
0.1223 -1.70149e-11
0.1233 -8.02833e-08
0.1243 7.54401e-07
0.1253 1.12988e-05
0.1264 -1.80532e-05
0.1275 -3.31216e-05
0.1286 -4.20887e-05
0.1297 -3.66383e-05
0.1308 -2.08225e-05
0.1319 2.04883e-05
0.133 -1.04777e-05
0.1341 -0.000123876
0.1352 -0.0001874
0.1363 -0.000175925
0.1374 -0.000159291
0.1385 -0.00013124
0.1396 -8.60985e-05
0.1407 5.29602e-06
0.1418 0.000124439
0.1429 0.000262743
0.144 0.000471734
0.1451 0.000706615
0.1462 0.000822298
0.1473 0.00093034
0.1484 0.00114909
0.1495 0.00143196
0.1506 0.00171118
0.1517 0.00194154
0.1528 0.00215334
0.1539 0.00236186
0.155 0.00258244
0.1561 0.00288638
0.1572 0.00333284
0.1583 0.00392882
0.1594 0.00461237
0.1605 0.00537186
0.1616 0.0061398
0.1627 0.00690246
0.1638 0.00769473
0.1649 0.00856022
0.166 0.00952998
0.1671 0.010551
0.1682 0.0115789
0.1693 0.0126615
0.1704 0.0137426
0.1715 0.0147075
0.1726 0.0155628
0.1737 0.0163813
0.1748 0.0171835
0.1759 0.0179418
0.177 0.0187027
0.1781 0.01944
0.1792 0.0200662
0.1803 0.0206346
0.1814 0.0211706
0.1825 0.0217041
0.1836 0.0221806
0.1847 0.022605
0.1858 0.0230912
0.1869 0.023679
0.188 0.0243259
0.1891 0.0250095
0.1902 0.0256822
0.1913 0.0262941
0.1924 0.0268373
0.1935 0.0273561
0.1946 0.0279174
0.1957 0.0285229
0.1968 0.0291083
0.1979 0.0296548
0.199 0.0301211
0.2001 0.0305229
0.2012 0.0308045
0.2023 0.030963
0.2034 0.0310849
0.2045 0.0311687
0.2056 0.0312675
0.2067 0.0313538
0.2078 0.0314477
0.2089 0.0315698
0.21 0.0316299
0.2111 0.0316535
0.2122 0.0316846
0.2133 0.0317442
0.2144 0.0317543
0.2155 0.0317596
0.2166 0.0317928
0.2177 0.031876
0.2188 0.0319661
0.2199 0.0320021
0.221 0.0319908
0.2221 0.0319812
0.2232 0.0319949
0.2243 0.032015
0.2254 0.0320149
0.2265 0.0319675
0.2276 0.031885
0.2287 0.0317196
0.2298 0.0314526
0.2309 0.031106
0.232 0.030759
0.2331 0.0304368
0.2342 0.030099
0.2353 0.0297762
0.2364 0.0294614
0.2375 0.0291895
0.2386 0.0289305
0.2397 0.0286688
0.2408 0.02842
0.2419 0.0282007
0.243 0.0280288
0.2441 0.0278843
0.2452 0.0277486
0.2463 0.027638
0.2474 0.0275327
0.2485 0.0273852
0.2496 0.0271914
0.2507 0.0270183
0.2518 0.0268616
0.2529 0.0266969
0.254 0.0264887
0.2551 0.026251
0.2562 0.0259785
0.2573 0.0256559
0.2584 0.0252715
0.2595 0.024872
0.2606 0.024499
0.2617 0.024154
0.2628 0.0238178
0.2639 0.0234928
0.265 0.0231726
0.2661 0.0228964
0.2672 0.0226362
0.2683 0.0223692
0.2694 0.0221187
0.2705 0.0218888
0.2716 0.0217299
0.2727 0.0215884
0.2738 0.0214205
0.2749 0.0212648
0.276 0.0211118
0.2771 0.0209392
0.2782 0.0207389
0.2793 0.0205483
0.2804 0.0203834
0.2815 0.0202172
0.2826 0.0200063
0.2837 0.0197289
0.2848 0.0194119
0.2859 0.019062
0.287 0.0187268
0.2881 0.0184032
0.2892 0.0181032
0.2903 0.0178107
0.2914 0.0175346
0.2925 0.0172711
0.2936 0.0169845
0.2947 0.016705
0.2958 0.0164745
0.2969 0.0162804
0.298 0.0160763
0.2991 0.015908
0.30015 0.0157934
0.3012 0.0156792
0.3023 0.0155678
0.3034 0.0154711
0.3045 0.0153672
0.3056 0.0152738
0.3067 0.0152048
0.3078 0.0151241
0.3089 0.0149893
0.31 0.0148355
0.3111 0.0146982
0.3122 0.0145477
0.3133 0.0143574
0.3144 0.0141351
0.3155 0.0139185
0.3166 0.0137115
0.3177 0.0135144
0.3188 0.0133154
0.3199 0.0131187
0.321 0.0129163
0.3221 0.0127147
0.3232 0.0125596
0.3243 0.0124538
0.3254 0.0123783
0.3265 0.0123037
0.3276 0.0122408
0.3287 0.0121988
0.3298 0.0121497
0.3309 0.0121158
0.332 0.0120935
0.3331 0.0120829
0.3342 0.0120532
0.3353 0.0120174
0.3364 0.0119997
0.3375 0.0119761
0.3386 0.0119183
0.3397 0.0118336
0.3408 0.0117436
0.3419 0.0116677
0.343 0.0116122
0.3441 0.0115647
0.3452 0.0115119
0.3463 0.0114319
0.3474 0.0113311
0.3485 0.0112377
0.3496 0.0111797
0.3507 0.0111595
0.3518 0.0111452
0.3529 0.0111383
0.354 0.011145
0.3551 0.0111512
0.3562 0.0111507
0.3573 0.0111793
0.3584 0.0112215
0.3595 0.0112436
0.3606 0.0112552
0.3617 0.0112704
0.3628 0.0112735
0.3639 0.0112518
0.365 0.0112348
0.3661 0.011246
0.3672 0.0112457
0.3683 0.0112153
0.3694 0.0111525
0.3705 0.011099
0.3716 0.0110544
0.3727 0.0110183
0.3738 0.0109945
0.3749 0.0109891
0.376 0.0109945
0.3771 0.0109915
0.3782 0.0109758
0.3793 0.0109593
0.3804 0.0109602
0.3815 0.010985
0.3826 0.0110287
0.3837 0.0110876
0.3848 0.0111441
0.3859 0.0111857
0.387 0.0111946
0.3881 0.0112104
0.3892 0.0112251
0.3903 0.0112202
0.3914 0.0111975
0.3925 0.0111878
0.3936 0.01118
0.3947 0.011149
0.3958 0.011092
0.3969 0.0110296
0.398 0.0109754
0.3991 0.0109323
0.4002 0.0108925
0.4013 0.0108655
0.4024 0.0108443
0.4035 0.0108267
0.4046 0.010818
0.4057 0.0108256
0.4068 0.0108412
0.4079 0.0108816
0.409 0.0109348
0.4101 0.010987
0.4112 0.0110391
0.4123 0.0110935
0.4134 0.011128
0.4145 0.0111461
0.4156 0.011197
0.4167 0.0112415
0.4178 0.0112504
0.4189 0.0112329
0.42 0.0111974
0.4211 0.011169
0.4222 0.0111379
0.4233 0.0111033
0.4244 0.0110623
0.4255 0.0110177
0.4266 0.0109604
0.4277 0.0108852
0.4288 0.0108153
0.4299 0.0107558
0.431 0.0107175
0.4321 0.0107077
0.4332 0.0107201
0.4343 0.0107421
0.4354 0.0107747
0.4365 0.0108229
0.4376 0.0108709
0.4387 0.0109139
0.4398 0.0109394
0.4409 0.0109687
0.442 0.0109717
0.4431 0.0109682
0.4442 0.0109393
0.4453 0.0108862
0.4464 0.0108263
0.4475 0.0107554
0.4486 0.0106649
0.4497 0.0105766
0.4508 0.0105045
0.4519 0.0104268
0.453 0.0103487
0.4541 0.0102677
0.4552 0.0101924
0.4563 0.0101232
0.4574 0.0100745
0.4585 0.0100446
0.4596 0.0100322
0.4607 0.0100198
0.4618 0.0100006
0.4629 0.00998339
0.464 0.00998366
0.4651 0.00998749
0.4662 0.00998822
0.4673 0.00999298
0.4684 0.0100008
0.4695 0.0100148
0.4706 0.0100136
0.4717 0.00999505
0.47275 0.00996284
0.4738 0.00992455
0.4749 0.00987409
0.476 0.00979703
0.4771 0.00970374
0.4782 0.00961557
0.4793 0.0095347
0.4804 0.00944975
0.4815 0.00934374
0.4826 0.00920571
0.4837 0.00910037
0.4848 0.00903077
0.4859 0.00897555
0.487 0.00889826
0.4881 0.00882442
0.4892 0.00876988
0.49025 0.00871448
0.4913 0.00866418
0.4924 0.00866616
0.4935 0.00869403
0.4946 0.00872123
0.4957 0.00874615
0.4968 0.00876536
0.4979 0.00878297
0.499 0.00878486
0.5001 0.00877068
0.5012 0.00874939
0.5023 0.00872112
0.5034 0.00867438
0.5045 0.00860705
0.5056 0.00853582
0.5067 0.00844903
0.5078 0.0083427
0.5089 0.00821656
0.51 0.00809946
0.5111 0.00799671
0.5122 0.0079165
0.5133 0.00786974
0.5144 0.00784817
0.5155 0.00783947
0.5166 0.00783365
0.5177 0.00784503
0.5188 0.00786657
0.5199 0.00790155
0.521 0.00795135
0.5221 0.00801209
0.5232 0.00808172
0.5243 0.00813946
0.5254 0.00817204
0.5265 0.00818727
0.5276 0.00818964
0.5287 0.00818692
0.5298 0.00817499
0.5309 0.00815218
0.532 0.00812149
0.5331 0.00808154
0.5342 0.00801992
0.5353 0.00793874
0.5364 0.00784516
0.5375 0.00776313
0.5386 0.00769879
0.5397 0.00765999
0.5408 0.00764292
0.5419 0.0076381
0.543 0.00763991
0.5441 0.00764409
0.5452 0.00765886
0.5463 0.00769391
0.5474 0.00776146
0.5485 0.00784848
0.5496 0.0079538
0.5507 0.00806092
0.5518 0.00815803
0.5529 0.00823122
0.554 0.00827988
0.5551 0.00830229
0.5562 0.00831884
0.5573 0.00835955
0.5584 0.00840416
0.5595 0.00840475
0.5606 0.00833035
0.5617 0.00821945
0.5628 0.00810833
0.5639 0.00801506
0.565 0.00794109
0.56605 0.00789537
0.5671 0.00789127
0.5682 0.00792202
0.5693 0.00795353
0.5704 0.00797648
0.5715 0.00800947
0.5726 0.0080706
0.5737 0.00817272
0.5748 0.00830795
0.5759 0.00845731
0.577 0.0086011
0.5781 0.00871894
0.5792 0.0088085
0.5803 0.0088811
0.5814 0.00893851
0.5825 0.00898757
0.5836 0.00903484
0.5847 0.00907546
0.5858 0.00908791
0.5869 0.0090767
0.588 0.00903402
0.5891 0.00897535
0.5902 0.00891172
0.5913 0.00885736
0.5924 0.00882785
0.5935 0.00882426
0.5946 0.00882467
0.5957 0.00881868
0.5968 0.00881728
0.5979 0.00882603
0.599 0.00885096
0.6001 0.00890057
0.6012 0.00898297
0.6023 0.00909558
0.6034 0.00921633
0.6045 0.00930956
0.6056 0.0093374
0.6067 0.00937564
0.6078 0.00949326
0.6089 0.00967205
0.61 0.00988
0.6111 0.0101018
0.6122 0.0102791
0.6133 0.0103668
0.6144 0.0103757
0.6155 0.0103721
0.6166 0.0103777
0.6177 0.0103419
0.6188 0.0102755
0.6199 0.0101643
0.621 0.00993981
0.6221 0.00967113
0.6232 0.00938644
0.6243 0.00912445
0.6254 0.0088841
0.6265 0.00865693
0.6276 0.0084284
0.6287 0.00821137
0.6298 0.00801924
0.6309 0.00785019
0.632 0.00769238
0.6331 0.00751075
0.6342 0.0073309
0.6353 0.00717826
0.6364 0.00705376
0.6375 0.00693649
0.6386 0.00682187
0.6397 0.00669919
0.6408 0.00657217
0.6419 0.00643114
0.643 0.00628265
0.6441 0.00613901
0.6452 0.00601296
0.64625 0.00589894
0.6473 0.00576434
0.6484 0.00559246
0.6495 0.00539987
0.6506 0.0052041
0.6517 0.00500574
0.6528 0.00479806
0.6539 0.00459169
0.655 0.00440486
0.6561 0.00423144
0.6572 0.00406385
0.65825 0.00391317
0.6593 0.00377157
0.6604 0.00361518
0.6615 0.00345683
0.6626 0.00332377
0.6637 0.00322481
0.6648 0.00314614
0.6659 0.00305599
0.667 0.00296488
0.6681 0.00287881
0.6692 0.00278784
0.6703 0.00269361
0.6714 0.00260198
0.6725 0.00251403
0.6736 0.0024251
0.6747 0.00232866
0.6758 0.00222265
0.6769 0.00211314
0.678 0.00200436
0.6791 0.00190011
0.6802 0.00180381
0.6813 0.00171346
0.6824 0.00162446
0.6835 0.00153827
0.6846 0.00146233
0.6857 0.00139423
0.6868 0.00134381
0.6879 0.00130467
0.689 0.00127463
0.6901 0.00125708
0.6912 0.00124802
0.6923 0.00124381
0.6934 0.00124929
0.6945 0.00126698
0.6956 0.0012926
0.6967 0.0013153
0.6978 0.00133313
0.6989 0.0013344
0.7 0.00131335
0.7011 0.0012912
0.7022 0.00128371
0.7033 0.00129163
0.7044 0.00130674
0.7055 0.00132036
0.7066 0.00133468
0.7077 0.00135026
0.7088 0.00136429
0.7099 0.00139853
0.711 0.00145829
0.7121 0.00154261
0.7132 0.00164171
0.7143 0.00174886
0.7154 0.00185815
0.7165 0.00196895
0.7176 0.00208241
0.7187 0.00220079
0.7198 0.0023215
0.7209 0.00244149
0.722 0.00255197
0.7231 0.0026488
0.72415 0.00273524
0.7252 0.00281106
0.7263 0.00288212
0.7274 0.00294425
0.7285 0.00298909
0.7296 0.0030359
0.7307 0.00308011
0.7318 0.00312708
0.7329 0.00317325
0.734 0.00322508
0.7351 0.00328492
0.7362 0.00335958
0.7373 0.00345571
0.7384 0.0035588
0.7395 0.00366267
0.74055 0.00377484
0.7416 0.00388153
0.7427 0.00398584
0.7438 0.00407655
0.7449 0.00417101
0.746 0.00428441
0.7471 0.00440374
0.7482 0.00449143
0.7493 0.00457189
0.7504 0.00464772
0.7515 0.00472324
0.7526 0.00480405
0.7537 0.00487167
0.7548 0.00493963
0.7559 0.00501732
0.757 0.00509838
0.7581 0.00515302
0.7592 0.0051909
0.7603 0.00523403
0.7614 0.0052898
0.7625 0.00532544
0.7636 0.00534187
0.7647 0.0053588
0.7658 0.00537509
0.7669 0.00537663
0.768 0.00536378
0.7691 0.00536001
0.7702 0.00535668
0.7713 0.005345
0.7724 0.00532178
0.7735 0.00528431
0.7746 0.00523449
0.7757 0.00517621
0.7768 0.005117
0.7779 0.00505609
0.779 0.00499359
0.7801 0.00492275
0.7812 0.00485075
0.7823 0.0047751
0.7834 0.00469007
0.7845 0.00459322
0.7856 0.0044881
0.7867 0.00438092
0.7878 0.00426668
0.7889 0.00414878
0.79 0.0040375
0.7911 0.00392838
0.7922 0.00381194
0.7933 0.00369068
0.7944 0.00356831
0.7955 0.00344655
0.7966 0.00331907
0.7977 0.00318914
0.7988 0.0030663
0.7999 0.00293909
0.801 0.002804
0.8021 0.00266437
0.8032 0.00251791
0.8043 0.0023631
0.8054 0.00219912
0.8065 0.00203334
0.8076 0.00186702
0.8087 0.00170011
0.8098 0.00153993
0.8109 0.00138658
0.812 0.00123031
0.8131 0.00107082
0.8142 0.000920712
0.8153 0.000777813
0.8164 0.000630224
0.8175 0.000476061
0.8186 0.000318565
0.8197 0.000156457
0.8208 -1.45298e-05
0.8219 -0.00018665
0.823 -0.000354301
0.8241 -0.000520913
0.8252 -0.000685452
0.8263 -0.000843663
0.8274 -0.000995648
0.8285 -0.00114173
0.8296 -0.00127251
0.8307 -0.00138242
0.8318 -0.00147681
0.8329 -0.00155959
0.834 -0.0016316
0.8351 -0.00169718
0.8362 -0.00176124
0.8373 -0.00182219
0.8384 -0.00187675
0.8395 -0.00192545
0.8406 -0.00197368
0.8417 -0.0020165
0.8428 -0.00204954
0.8439 -0.00208281
0.845 -0.00212021
0.8461 -0.00216089
0.8472 -0.00219654
0.8483 -0.00222438
0.8494 -0.00224497
0.8505 -0.00225435
0.8516 -0.00225401
0.8527 -0.00223846
0.8538 -0.00221135
0.8549 -0.00217646
0.856 -0.00213417
0.8571 -0.00208224
0.8582 -0.00201511
0.8593 -0.00193421
0.8604 -0.00183933
0.8615 -0.00173153
0.8626 -0.00161509
0.86365 -0.00149988
0.864651 -0.00138741
0.8657 -0.0012642
0.8668 -0.00113302
0.8679 -0.000999881
0.869 -0.000862667
0.8701 -0.000722665
0.8712 -0.000585775
0.87225 -0.00045801
0.8733 -0.000330836
0.87435 -0.000198452
0.8754 -6.13226e-05
0.8765 8.95478e-05
0.8776 0.000245818
0.878625 0.000395827
0.8797 0.000558589
0.8808 0.00072504
0.88185 0.000882188
0.8829 0.00103971
0.884 0.00121143
0.8851 0.0013891
0.8862 0.00157361
0.8873 0.00175918
0.8884 0.00194387
0.8895 0.0021224
0.8906 0.0022939
0.8917 0.00245681
0.8928 0.002612
0.8939 0.00276163
0.895 0.00290455
0.8961 0.00303022
0.8972 0.00313945
0.8983 0.00324177
0.8994 0.00333653
0.9005 0.00341752
0.9016 0.00348972
0.9027 0.00355495
0.9038 0.00361685
0.90485 0.00367316
0.9059 0.00372516
0.90695 0.00377071
0.908 0.00381503
0.9091 0.00386728
0.9102 0.00391891
0.9113 0.00396237
0.9124 0.00400184
0.9135 0.00403929
0.9146 0.0040761
0.9157 0.00410901
0.9168 0.0041306
0.9179 0.00413451
0.919 0.00412196
0.9201 0.00409165
0.9212 0.00403254
0.9223 0.00394742
0.9234 0.00385276
0.9245 0.00375032
0.9256 0.00364073
0.9267 0.00352524
0.9278 0.00340046
0.9289 0.00326572
0.93 0.0031241
0.9311 0.00298276
0.9322 0.00284384
0.9333 0.00271254
0.9344 0.00259164
0.9355 0.00247998
0.9366 0.00236886
0.9377 0.00225467
0.9388 0.00213233
0.9399 0.00200271
0.941 0.00186813
0.9421 0.00172883
0.9432 0.00158343
0.9443 0.00142577
0.9454 0.00125273
0.9465 0.00106442
0.9476 0.000865342
0.9487 0.000658946
0.9498 0.000451205
0.9509 0.000246823
0.952 4.31327e-05
0.9531 -0.000163635
0.9542 -0.000367652
0.9553 -0.000565678
0.95635 -0.00073981
0.9574 -0.000892939
0.9585 -0.00103387
0.9596 -0.00116865
0.9607 -0.00130564
0.9618 -0.00144131
0.9629 -0.00156534
0.964 -0.00167321
0.9651 -0.00176907
0.9662 -0.00185706
0.9673 -0.00194361
0.96835 -0.00202953
0.9694 -0.00212014
0.9705 -0.00221709
0.9716 -0.00231192
0.9727 -0.00240135
0.9738 -0.00248706
0.9749 -0.00256665
0.976 -0.00264137
0.9771 -0.00271134
0.9782 -0.0027692
0.9793 -0.0028122
0.9804 -0.00283518
0.9815 -0.00283875
0.9826 -0.00282647
0.98365 -0.00280233
0.9847 -0.00277018
0.9858 -0.00272382
0.9869 -0.00266558
0.988 -0.00260103
0.9891 -0.00252519
0.99015 -0.00245165
0.9912 -0.00238405
0.9923 -0.00231464
0.9934 -0.00224398
0.9945 -0.00217288
0.9956 -0.00210042
0.9967 -0.00203266
0.9978 -0.00197061
0.9989 -0.00191262
1 -0.0018505
