0 0 0
0.001 0 0
0.002 0 0
0.0031 0 0
0.0042 0 0
0.0052 0 0
0.0062 0 0
0.0072 0 0
0.0082 0 0
0.0093 0 0
0.0104 0 0
0.0115 0 0
0.0126 0 0
0.0137 0 0
0.0148 0 0
0.0159 0 0
0.017 0 0
0.0181 0 0
0.0192 0 0
0.0203 0 0
0.0214 0 0
0.0225 0 0
0.0236 0 0
0.0247 0 0
0.0258 0 0
0.0269 0 0
0.028 0 0
0.0291 0 0
0.0302 0 0
0.0313 0 0
0.0323 0 0
0.0333 0 0
0.0343 0 0
0.0353 0 0
0.0363 0 0
0.0373 0 0
0.0383 0 0
0.0393 0 0
0.0403 0 0
0.0413 0 0
0.0423 0 0
0.0433 0 0
0.0443 0 0
0.0453 0 0
0.0463 0 0
0.0473 0 0
0.0483 0 0
0.0493 0 0
0.0503 0 0
0.0513 0 0
0.0523 0 0
0.0533 0 0
0.0543 0 0
0.0553 0 0
0.0563 0 0
0.0573 0 0
0.0583 0 0
0.0593 0 0
0.0603 0 0
0.0613 0 0
0.0623 0 0
0.0633 0 0
0.0643 0 0
0.0653 0 0
0.0663 0 0
0.0673 0 0
0.0683 0 0
0.0693 0 0
0.0703 0 0
0.0713 0 0
0.0723 0 0
0.0733 0 0
0.0743 0 0
0.0753 0 0
0.0763 0 0
0.0773 0 0
0.0783 0 0
0.0793 0 0
0.0803 0 0
0.0813 0 0
0.0823 0 0
0.0833 0 0
0.0843 0 0
0.0853 0 0
0.0863 0 0
0.0873 0 0
0.0883 0 0
0.0893 0 0
0.0903 0 0
0.0913 0 0
0.0923 0 0
0.0933 0 0
0.0943 0 0
0.0953 0 0
0.0963 0 0
0.0973 0 0
0.0983 0 0
0.0993 0 0
0.1003 0 0
0.1013 0 0
0.1023 0 0
0.1033 0 0
0.1043 0 0
0.1053 0 0
0.1063 0 0
0.1073 0 0
0.1083 0 0
0.1093 0 0
0.1103 0 0
0.1113 0 0
0.1123 0 0
0.1133 0 0
0.1143 0 0
0.1153 0 0
0.1163 0 0
0.1173 0 0
0.1183 0 0
0.1193 0 0
0.1203 0 0
0.1213 0 0
0.1223 1.17977e-06 -2.13019e-10
0.1233 0.00271672 -0.000104079
0.1243 -0.0308235 -0.0125311
0.1253 0.0614409 -0.0189415
0.1264 -0.0171501 0.0509255
0.1275 0.00650093 -0.0265838
0.1286 -0.0300375 0.0125706
0.1297 -0.00374213 -0.00283323
0.1308 -0.0367571 -0.00563375
0.1319 0.0570085 -0.00713644
0.133 0.0906879 0.00614032
0.1341 -0.0463861 0.0173307
0.1352 -0.0729439 -0.0126341
0.1363 -0.0161923 -0.0070811
0.1374 -0.0251515 0.0192151
0.1385 0.000114076 0.00415814
0.1396 -0.0414227 0.00466611
0.1407 -0.0313836 0.00980971
0.1418 0.0124744 -0.000750731
0.1429 -0.0607394 -0.000694071
0.144 -0.040858 -0.00937225
0.1451 0.14186 -0.00742966
0.1462 0.0290306 0.0372821
0.1473 -0.12136 0.00137088
0.1484 -0.0444111 0.0131946
0.1495 0.127112 0.0994601
0.1506 0.0487659 -0.0222009
0.1517 0.0397644 -0.000167633
0.1528 0.00169356 0.00618832
0.1539 0.0146087 0.0419338
0.155 -0.0488939 -0.0136558
0.1561 -0.104977 0.029354
0.1572 -0.146058 -0.00319657
0.1583 -0.084875 -0.0261435
0.1594 -0.102852 -0.00716682
0.1605 -0.00511193 0.01006
0.1616 0.0257341 -0.000161005
0.1627 -0.00886498 -0.036537
0.1638 -0.0563101 0.0103083
0.1649 -0.11305 -0.00582849
0.166 -0.0691335 -0.0303898
0.1671 -0.0294661 -0.0335474
0.1682 -0.112746 0.090816
0.1693 -0.0421755 -0.00701273
0.1704 0.104692 -0.00235489
0.1715 0.119618 0.0118909
0.1726 0.0441901 0.0380957
0.1737 -0.00603307 0.0247481
0.1748 0.034682 -0.0258572
0.1759 -0.000561264 -0.0104266
0.177 -0.00113621 0.026143
0.1781 0.14041 -0.0753186
0.1792 0.0895005 -0.026013
0.1803 0.0290855 -0.00576156
0.1814 0.0558498 -0.0155811
0.1825 0.0335861 -0.0129134
0.1836 0.0691718 0.000222362
0.1847 -0.0379006 0.0529572
0.1858 -0.104069 0.081187
0.1869 -0.0592339 0.0549349
0.188 -0.0372554 0.0353113
0.1891 -0.0195965 0.0199908
0.1902 0.0443341 -0.0362576
0.1913 0.0691098 -0.0481775
0.1924 0.0406718 0.0034385
0.1935 -0.0181656 0.0231273
0.1946 -0.00942547 0.0903186
0.1957 0.0420162 0.0321302
0.1968 0.0265609 0.00397219
0.1979 0.0729214 -0.0307289
0.199 0.030049 -0.00933133
0.2001 0.113189 -0.0890004
0.2012 0.143709 -0.0928369
0.2023 0.000799663 -0.0104815
0.2034 0.0705475 -0.0488006
0.2045 0.00286207 0.0463647
0.2056 0.0190646 -0.0338686
0.2067 0.0338598 -0.00351005
0.2078 0.00668985 0.0535527
0.2089 0.122722 -0.0831829
0.21 0.0493947 -0.0315954
0.2111 0.00833863 0.0203419
0.2122 -0.0507935 0.0644818
0.2133 0.0766453 -0.0477155
0.2144 -0.00206368 0.056099
0.2155 -0.0347256 0.0609223
0.2166 -0.0647461 0.0170619
0.2177 0.000738901 0.0190954
0.2188 0.0712883 -0.0733796
0.2199 0.086987 -0.0193721
0.221 0.0126005 0.00470256
0.2221 -0.00932138 -0.000300439
0.2232 -0.0139227 0.0214164
0.2243 0.0106239 0.0214282
0.2254 0.0651575 -0.0311967
0.2265 0.0393457 -0.0218204
0.2276 0.0889704 -0.0542387
0.2287 0.103986 -0.0732951
0.2298 0.0862457 -0.0690633
0.2309 0.0426239 0.0360729
0.232 0.000694249 0.0290668
0.2331 0.0180863 -0.00166366
0.2342 0.00982796 0.046509
0.2353 0.0598017 -0.0385393
0.2364 0.00577605 0.092311
0.2375 0.0044647 0.00394367
0.2386 0.100995 0.074016
0.2397 0.012052 0.018609
0.2408 -0.000239501 0.0864012
0.2419 -0.0671449 0.0712316
0.243 -0.0238354 0.0217873
0.2441 0.0047603 0.0171622
0.2452 -0.0162832 0.0287791
0.2463 -0.00809236 0.0379092
0.2474 0.0415997 -0.0212325
0.2485 0.0714799 -0.0439433
0.2496 0.0104318 0.0155444
0.2507 -0.034547 0.0213298
0.2518 0.00131599 -0.00878102
0.2529 0.0419797 -0.0333818
0.254 0.0331345 0.0223862
0.2551 0.0490406 -0.00448704
0.2562 0.0602891 -0.0354477
0.2573 0.0909274 -0.0495156
0.2584 0.0297839 -0.00681531
0.2595 -0.0204715 0.0353266
0.2606 -0.0339876 0.0466813
0.2617 -0.0022784 -0.0192133
0.2628 -0.0460315 -0.00657137
0.2639 0.0295189 -0.022263
0.265 0.0548168 0.0290868
0.2661 0.0394124 0.0248361
0.2672 0.0201237 0.0101768
0.2683 -0.0118429 0.0395129
0.2694 0.0193235 0.0145945
0.2705 -0.0681273 0.0400197
0.2716 -0.00635058 0.0414343
0.2727 0.0513935 -0.0108662
0.2738 -0.0062482 0.00741776
0.2749 0.00554371 -0.00456484
0.276 0.0338181 -0.0156081
0.2771 0.0406834 -0.0244991
0.2782 0.0109317 -0.00417399
0.2793 -0.00434614 0.0251047
0.2804 0.0106697 0.00865529
0.2815 0.0763723 0.0116158
0.2826 0.0911956 -0.0072086
0.2837 0.0398719 -0.00927413
0.2848 0.0520647 -0.0162338
0.2859 0.0132316 0.0214332
0.287 -0.0533199 0.0245993
0.2881 -0.0239338 0.00612731
0.2892 -0.000847429 0.0362289
0.2903 -0.0194021 0.00602778
0.2914 -0.0303047 0.00376437
0.2925 0.038532 0.000458089
0.2936 1.93957e-05 0.0111103
0.2947 -0.046901 0.0194713
0.2958 -0.0503652 0.0136314
0.2969 0.019518 9.85589e-05
0.298 -0.0142875 0.0120517
0.2991 -0.081977 0.0191674
0.30015 0.0187285 0.00246735
0.3012 0.0280207 0.00651243
0.3023 -0.0263121 0.00364086
0.3034 0.00828433 0.00425302
0.3045 -0.00745612 -0.00554018
0.3056 -0.0208683 -8.67056e-05
0.3067 -0.0040292 0.00301133
0.3078 0.072147 -0.0110843
0.3089 0.0221009 0.0049282
0.31 0.0104924 0.0096626
0.3111 0.0180235 0.0394757
0.3122 0.0366746 -0.00123881
0.3133 0.0263898 0.0310674
0.3144 -0.0122006 0.0231355
0.3155 -0.00530354 -0.00023427
0.3166 -0.00869896 0.0151329
0.3177 0.0131722 0.0172684
0.3188 -0.00729929 0.0149436
0.3199 -0.0085484 -0.0321723
0.321 -0.00502117 0.000225303
0.3221 -0.00616427 -0.000240113
0.3232 -0.0133645 0.0334901
0.3243 -0.0228265 0.00254242
0.3254 0.0137209 0.011526
0.3265 -0.00273587 0.0223096
0.3276 -0.0183686 0.0343606
0.3287 0.020905 0.0188646
0.3298 0.0134487 0.0127114
0.3309 -3.19161e-05 0.00185311
0.332 -0.01821 0.0051453
0.3331 0.0240158 -0.0101722
0.3342 0.0306696 -0.00636834
0.3353 -0.013236 -0.00708107
0.3364 0.00382485 0.000938787
0.3375 0.0353573 -0.0128862
0.3386 0.0351339 -0.00223808
0.3397 0.00213482 0.0240203
0.3408 -0.01053 0.0170438
0.3419 -0.0137494 0.0062964
0.343 0.0106731 0.000561154
0.3441 0.00776127 0.0159247
0.3452 0.0179749 -0.00105239
0.3463 0.0360581 0.000362409
0.3474 -0.00308348 0.0140633
0.3485 -0.0526953 0.0359225
0.3496 -0.00114198 0.0148183
0.3507 0.0355864 -0.0013881
0.3518 0.00337575 0.00562973
0.3529 -0.0201486 0.006801
0.354 -0.00414695 0.00224654
0.3551 0.0220108 0.0077186
0.3562 -0.0276362 0.0233798
0.3573 0.00144017 0.0350129
0.3584 0.0239554 -0.0163493
0.3595 0.0128742 -0.00676137
0.3606 0.00142014 -0.00196443
0.3617 0.0233036 0.00596581
0.3628 0.0347489 -0.00675879
0.3639 -0.00124931 0.000607761
0.365 0.000745505 0.0633287
0.3661 0.0168369 -0.00120619
0.3672 0.0340983 0.0057616
0.3683 0.0534855 0.0112558
0.3694 0.0330954 0.0165435
0.3705 -0.00167236 0.0244601
0.3716 0.00405202 0.0102841
0.3727 -0.0089658 0.0071989
0.3738 -0.0198442 0.000260545
0.3749 -0.00603313 -0.0021085
0.376 0.0147806 -0.00134554
0.3771 0.0170558 -0.0109038
0.3782 0.00634065 -0.00880703
0.3793 -0.00755899 0.000872128
0.3804 -0.0154083 0.0134082
0.3815 -0.021163 0.0111286
0.3826 -0.0298144 0.0174723
0.3837 0.00234767 0.0144802
0.3848 0.0146617 0.0211627
0.3859 0.0404207 -0.00450022
0.387 0.0251428 0.0274981
0.3881 -0.00317692 0.00316372
0.3892 0.015608 -0.00838868
0.3903 0.0193901 -0.0122411
0.3914 0.00190866 0.00224214
0.3925 -0.00630841 -0.00364912
0.3936 0.0247269 -0.00313717
0.3947 0.0281693 -0.00398474
0.3958 -0.000840158 0.00735083
0.3969 -0.00435406 0.012869
0.398 0.00465855 0.0201553
0.3991 0.00131889 0.0087097
0.4002 -0.0115112 0.0131059
0.4013 -0.015111 0.00601003
0.4024 -0.00347652 0.00391722
0.4035 -0.0102614 0.00504303
0.4046 -0.029211 0.00331371
0.4057 -0.0107412 -0.0133311
0.4068 -0.025755 0.00616466
0.4079 0.00869207 0.0146878
0.409 0.00840433 0.00179255
0.4101 0.00334763 0.0042157
0.4112 -0.00777376 0.00359492
0.4123 0.0187653 0.00452297
0.4134 0.0300868 0.00280394
0.4145 -0.0255983 -0.00207968
0.4156 0.0131202 0.0318522
0.4167 0.0438853 -0.00497997
0.4178 0.03273 0.00329507
0.4189 0.0308316 -0.0199836
0.42 0.0153847 -0.00570277
0.4211 0.0123267 0.00245787
0.4222 0.0159846 -0.0105063
0.4233 0.0123311 -0.0110961
0.4244 0.00796029 -0.00140484
0.4255 0.00879083 0.00144238
0.4266 0.0341052 0.00232242
0.4277 -0.00139897 0.0154262
0.4288 -0.0103786 0.00717929
0.4299 -0.0193875 -0.01195
0.431 -0.0377567 0.0115953
0.4321 -0.0292236 0.00733962
0.4332 -0.00908775 0.00193052
0.4343 0.00172985 -0.00306914
0.4354 -0.024982 0.0272319
0.4365 0.00569261 0.00744546
0.4376 0.0110964 -0.00211394
0.4387 0.0350102 -0.010027
0.4398 -0.0207827 0.0106483
0.4409 0.0340418 -0.00653512
0.442 0.00289971 0.0115302
0.4431 0.0299507 -0.000421636
0.4442 0.0258305 -0.0149206
0.4453 0.0112858 0.0110775
0.4464 0.029953 -0.0105754
0.4475 0.0157209 3.14195e-05
0.4486 0.00727134 0.00170721
0.4497 0.0111619 0.00860529
0.4508 0.0290252 0.00737813
0.4519 0.0106926 0.00589006
0.453 0.0200065 -0.00602701
0.4541 0.00194676 0.00345802
0.4552 -0.0176395 0.0126992
0.4563 -0.00869848 0.00809401
0.4574 -0.013628 0.00829739
0.4585 -0.0180794 0.0110049
0.4596 -0.000716681 0.00805617
0.4607 0.00342528 0.00230739
0.4618 0.0025443 -0.000373535
0.4629 -0.016862 0.0105564
0.464 -0.00889856 -0.00091306
0.4651 0.000490976 -0.0015804
0.4662 0.00298896 0.000167428
0.4673 -0.00209808 0.006042
0.4684 0.00381749 0.00543101
0.4695 0.0472742 0.0154494
0.4706 0.0322353 0.0102283
0.4717 0.0304167 0.00502586
0.47275 0.0121705 0.0134342
0.4738 0.0140867 0.000766495
0.4749 0.0370821 -0.00140526
0.476 0.0157438 -0.00133979
0.4771 -0.0035622 0.0024366
0.4782 -0.00924144 -0.000253439
0.4793 0.0118884 0.00039537
0.4804 0.0228585 -0.00702308
0.4815 0.0519472 0.00139319
0.4826 -0.0175165 0.0195243
0.4837 -0.0276848 0.0227205
0.4848 -0.0416137 0.017278
0.4859 0.0449453 0.00945996
0.487 0.0299077 0.0487982
0.4881 -0.00630005 0.0347849
0.4892 0.00482939 -0.000638936
0.49025 0.00373526 0.00131022
0.4913 -0.0457278 0.145406
0.4924 -0.0177751 0.0116922
0.4935 0.0103221 -0.00221243
0.4946 0.00622234 -0.00204403
0.4957 0.0179901 -0.00663837
0.4968 0.00102359 0.00785583
0.4979 0.0292092 0.00145602
0.499 0.0272387 -0.0035882
0.5001 0.0147537 0.016821
0.5012 0.0109649 0.00632887
0.5023 0.0212491 0.00337545
0.5034 0.0295032 0.00390511
0.5045 0.00619172 0.00726196
0.5056 0.0175753 -0.00252726
0.5067 0.0175031 0.00211155
0.5078 0.0235842 -0.00719099
0.5089 -0.00484031 0.0122539
0.51 -0.011109 0.0021737
0.5111 -0.0182946 0.005294
0.5122 -0.023633 -0.00548396
0.5133 -0.0279443 0.00957389
0.5144 -0.013113 0.00512012
0.5155 0.000242968 0.00755867
0.5166 -0.0196315 0.00591776
0.5177 -0.00914969 0.00642071
0.5188 -0.0098947 0.0048337
0.5199 -0.0104934 -0.00131527
0.521 -0.0129795 0.00353556
0.5221 -0.0035826 7.09898e-05
0.5232 0.0126253 -0.00195326
0.5243 0.0351444 -0.00843714
0.5254 0.0294089 -0.00211891
0.5265 0.0169086 0.002468
0.5276 0.0159581 0.0010316
0.5287 0.0168122 0.00948708
0.5298 0.0169046 -0.00592885
0.5309 0.0143035 0.00350333
0.532 0.0145708 -0.00221177
0.5331 0.0397908 -0.012511
0.5342 0.0268876 0.00624309
0.5353 0.0107651 -0.00989467
0.5364 -0.00255075 -0.00558638
0.5375 -0.0150288 0.00713755
0.5386 -0.0279355 0.00735323
0.5397 -0.0160653 0.00180761
0.5408 -0.00578074 0.00636811
0.5419 0.00112706 0.00739283
0.543 0.00708228 0.00294626
0.5441 -0.00744738 0.0232628
0.5452 -0.0169403 0.0175173
0.5463 -0.0240028 0.0130232
0.5474 -0.0153317 0.0188931
0.5485 -0.00807814 0.00722067
0.5496 0.0135614 0.00367451
0.5507 0.0224835 0.0107774
0.5518 0.0312691 0.00332613
0.5529 0.0214055 -0.000835088
0.554 0.0319749 0.00117623
0.5551 0.00982578 0.0112408
0.5562 0.00360493 0.0188941
0.5573 0.00612279 0.0115167
0.5584 0.0506155 -0.0337122
0.5595 0.103843 -0.0278175
0.5606 0.0414585 -0.0101734
0.5617 0.00876642 0.0180336
0.5628 -0.00938683 -0.00467528
0.5639 -0.016231 0.00100958
0.565 -0.0253202 0.00380551
0.56605 -0.0319064 0.0119688
0.5671 -0.0376432 0.0146301
0.5682 0.00893321 0.0184476
0.5693 0.0218535 0.0004864
0.5704 -0.00590041 0.0112012
0.5715 -0.0294312 0.0119289
0.5726 -0.040662 0.0271444
0.5737 -0.0311106 0.0121044
0.5748 -0.0102563 0.00763893
0.5759 0.00901411 0.00179539
0.577 0.0340292 -0.00413126
0.5781 0.042822 -0.00596202
0.5792 0.0257086 -0.00123151
0.5803 0.0234852 -0.00274181
0.5814 0.016854 -0.0023179
0.5825 0.0173859 -0.00241502
0.5836 0.0396599 -0.0398413
0.5847 0.0492176 -0.0151933
0.5858 0.0622095 0.0405838
0.5869 0.065075 0.0328403
0.588 0.0373148 0.0206876
0.5891 0.0218054 0.00759675
0.5902 -0.000464483 0.00160779
0.5913 -0.0144832 0.00307265
0.5924 -0.0271429 0.00822226
0.5935 0.00836364 0.00164129
0.5946 0.00423085 0.00483659
0.5957 -0.00149027 0.00418326
0.5968 -0.0103262 0.00602575
0.5979 -0.0111979 0.00622616
0.599 -0.0186015 0.023266
0.6001 -0.0288644 0.021753
0.6012 -0.0201246 0.0186732
0.6023 -0.013034 -0.0010094
0.6034 0.0487026 -0.0317625
0.6045 0.094196 -0.00485087
0.6056 0.000936464 0.0350458
0.6067 -0.0812996 0.0284391
0.6078 -0.0738268 -0.000506387
0.6089 -0.0276638 9.18103e-05
0.61 -0.0201095 0.023495
0.6111 0.0452998 0.00337372
0.6122 0.109864 -0.0358039
0.6133 0.121305 -0.00159952
0.6144 0.0428351 -0.0115752
0.6155 -0.0124694 0.0349984
0.6166 0.0510443 -0.00891169
0.6177 0.0364737 -0.0195282
0.6188 0.0406981 -0.0181815
0.6199 0.0475519 -0.00745063
0.621 -0.0249635 -0.129697
0.6221 0.048767 0.0116206
0.6232 -0.0194001 -0.00520136
0.6243 -0.0179935 0.0125373
0.6254 -0.0139522 0.0320876
0.6265 0.0033939 0.0349696
0.6276 -0.0290054 -0.00882897
0.6287 0.00421593 -0.0447116
0.6298 -0.0092824 -0.00698602
0.6309 -0.0169602 0.00196676
0.632 0.0352961 0.029241
0.6331 0.0122832 -0.0149971
0.6342 -0.0161996 -0.0070087
0.6353 -0.02506 -0.00122441
0.6364 -0.0214042 -0.0249425
0.6375 0.0028238 0.00617299
0.6386 0.0178172 0.0197244
0.6397 -0.0162649 -0.0659621
0.6408 0.0261486 -0.00835394
0.6419 0.0292198 0.0114958
0.643 0.0075559 0.00678724
0.6441 -0.0127071 0.00070375
0.6452 -0.00910163 0.00757415
0.64625 0.0258506 -0.00697913
0.6473 0.0295892 -0.00157578
0.6484 0.0239655 -0.00401612
0.6495 0.00580581 -0.00405298
0.6506 0.0203675 -0.00402607
0.6517 0.0144156 -0.0137738
0.6528 0.00759175 -0.00607496
0.6539 -0.0196743 0.0130754
0.655 -0.0076854 -0.00288055
0.6561 0.00319817 0.00737661
0.6572 -0.00773952 -0.000311051
0.65825 -0.0133948 0.00704987
0.6593 0.0116628 0.0135721
0.6604 -0.00271462 -0.000778623
0.6615 -0.0221042 -0.0144701
0.6626 -0.0342275 0.00370191
0.6637 -0.0352092 0.00164315
0.6648 0.0138431 -0.0101672
0.6659 -0.00117627 -0.00907998
0.667 -0.0060493 -0.0165692
0.6681 0.00621556 0.00862089
0.6692 -0.00320248 0.00804568
0.6703 -0.00365663 0.000607454
0.6714 -0.00795305 -0.00273305
0.6725 -0.00497658 0.00205607
0.6736 0.0132401 0.00521025
0.6747 0.0119224 0.0024281
0.6758 0.010571 -0.00854451
0.6769 0.00276733 -0.00714461
0.678 0.00229429 -0.00952838
0.6791 -0.00594822 0.00142235
0.6802 -0.00554142 -0.0039327
0.6813 -0.000125876 -0.00764563
0.6824 0.000318335 -0.00746628
0.6835 -0.0118774 0.00181893
0.6846 0.000619973 -0.00258279
0.6857 -0.0189547 0.00505467
0.6868 -0.0094321 -0.00450172
0.6879 -0.00582413 -0.000537546
0.689 -0.0130238 0.00383395
0.6901 -0.00771153 -0.000503518
0.6912 -0.000341682 -0.00206091
0.6923 -0.00741082 -0.00263432
0.6934 -0.0114629 -0.00950996
0.6945 -0.00873667 -0.00487457
0.6956 0.00689224 -0.00543517
0.6967 0.0109386 -0.00784913
0.6978 0.0167585 -0.000927191
0.6989 0.034752 -0.00680046
0.7 0.00385546 -0.00261935
0.7011 -0.011917 0.00317582
0.7022 -0.0128021 -0.00234211
0.7033 -0.00579915 0.000351648
0.7044 0.00604095 -0.00503684
0.7055 -0.00200228 -0.00555113
0.7066 -0.00100551 -0.00105987
0.7077 0.00998144 -0.00296866
0.7088 -0.0207618 -0.00329638
0.7099 -0.0272904 -0.00437974
0.711 -0.0329175 -0.00431066
0.7121 -0.0194931 -0.00104581
0.7132 -0.0123509 -0.00359054
0.7143 -0.0035398 -0.00295488
0.7154 -0.00146367 -0.00220036
0.7165 -0.00207139 0.000352952
0.7176 -0.00552798 0.000231968
0.7187 -0.000475649 0.00133204
0.7198 -0.00484983 -0.00426616
0.7209 0.0113271 -0.0111199
0.722 0.0197415 -0.00645566
0.7231 0.00820165 -0.000216288
0.72415 0.0131348 -0.00950137
0.7252 0.0134839 -0.0122871
0.7263 0.00387243 -0.0110845
0.7274 0.0261079 -0.00527678
0.7285 -0.00794404 0.00131317
0.7296 0.00511145 -0.00830061
0.7307 -0.00480793 -0.00175974
0.7318 0.000991615 -0.000545333
0.7329 -0.00934995 0.00493009
0.734 -0.0132204 0.0056097
0.7351 -0.0159615 0.00170505
0.7362 -0.0276219 -0.00348315
0.7373 -0.00674119 -0.00178335
0.7384 0.00058094 0.00319749
0.7395 -0.0172619 -0.0049309
0.74055 0.00188728 -0.00604146
0.7416 0.000150417 -0.00238728
0.7427 0.0184505 -0.0115756
0.7438 -0.00410018 0.00577997
0.7449 -0.0132625 -0.000382821
0.746 -0.0164752 -0.00321387
0.7471 0.0385144 -0.0093086
0.7482 0.00555971 0.00498572
0.7493 0.00523803 -0.00383046
0.7504 0.00546892 -0.00530447
0.7515 -0.0132896 -0.0082592
0.7526 0.0188987 -0.00122265
0.7537 0.000253495 0.0124708
0.7548 -0.00982832 -0.00476951
0.7559 -0.00913348 0.00107472
0.757 0.0277789 -0.00870237
0.7581 0.0154209 -0.00328279
0.7592 0.00499714 0.00374499
0.7603 -0.00883494 -0.0119444
0.7614 0.0205961 -0.00666387
0.7625 0.0172412 0.00848238
0.7636 -0.00244918 0.0144137
0.7647 -0.00128195 0.00586627
0.7658 0.013156 0.00109883
0.7669 0.0166099 -0.000147751
0.768 -0.0102433 0.00898098
0.7691 -0.0014113 0.00344746
0.7702 0.00735443 -0.00507904
0.7713 0.00492852 -0.000785707
0.7724 0.0134683 -0.00558007
0.7735 0.0104593 0.00315654
0.7746 0.00921265 0.00239327
0.7757 -0.00368156 0.000882763
0.7768 0.00191822 0.00281119
0.7779 -0.00206355 0.00457327
0.779 0.0116728 -0.00170794
0.7801 -0.00085052 0.000436571
0.7812 0.00287989 -0.00250301
0.7823 0.00866227 -0.00199464
0.7834 0.00989182 -0.00228306
0.7845 0.00755654 0.000173703
0.7856 0.000966029 -0.00402366
0.7867 0.00632953 -0.000924287
0.7878 0.0045069 0.00242574
0.7889 -0.00704801 0.00231425
0.79 -0.00277777 0.00122511
0.7911 0.00830855 -6.3408e-06
0.7922 0.00584847 0.00217532
0.7933 0.00149672 0.00118972
0.7944 -0.00276262 0.000432752
0.7955 0.00491891 0.000747136
0.7966 0.00619136 -0.00274219
0.7977 -0.00858945 0.00236949
0.7988 0.00386344 -0.000604041
0.7999 0.00711508 -0.00337685
0.801 0.00457649 -0.00014864
0.8021 0.00616661 0.000128669
0.8032 0.00603238 -0.000181722
0.8043 0.00984063 0.00107811
0.8054 0.000141203 0.00180519
0.8065 0.00112808 -0.00463775
0.8076 0.00220822 0.00792085
0.8087 -0.00635256 0.00178631
0.8098 -0.00820281 0.00170618
0.8109 0.00260327 -0.000321668
0.812 0.00668804 -0.00790745
0.8131 -0.00853489 0.0112181
0.8142 -0.00890329 -0.00359605
0.8153 0.0049005 0.00143696
0.8164 0.0059135 -0.00577771
0.8175 0.00390815 -0.00289176
0.8186 0.00187576 0.00577781
0.8197 0.00922146 0.0016581
0.8208 0.00269643 -0.0028492
0.8219 -0.00564543 -0.000240696
0.823 -0.000965749 0.00289914
0.8241 -0.000600081 0.00503654
0.8252 -0.00594653 -4.04408e-05
0.8263 -0.00611597 -0.00174503
0.8274 -0.00364078 -0.00109177
0.8285 -0.0128716 0.00254467
0.8296 -0.0197276 0.00036798
0.8307 -0.0141258 -0.00286032
0.8318 -0.00967855 -0.0042197
0.8329 -0.0100354 0.00089949
0.834 -0.0071606 0.00154819
0.8351 -0.000158114 0.00061943
0.8362 -0.00213612 -0.00131035
0.8373 -0.00493592 -0.000849847
0.8384 -0.0059267 0.00257926
0.8395 -0.000420187 0.00171635
0.8406 -0.00400337 -0.0024301
0.8417 -0.0103922 0.00238592
0.8428 0.00126609 -0.0016997
0.8439 0.00332147 0.00173909
0.845 0.00510253 -0.00162611
0.8461 -0.00368402 -0.00271211
0.8472 -0.00755295 -0.000865439
0.8483 -0.00467237 0.000930918
0.8494 -0.0122268 -0.000252352
0.8505 -0.00677592 -0.00307154
0.8516 -0.0145297 -0.0010324
0.8527 -0.0102427 0.00449389
0.8538 -0.00534781 0.000400296
0.8549 -0.00593167 -0.00164838
0.856 -0.00769811 -0.000479977
0.8571 -0.0138539 0.000183066
0.8582 -0.0117422 0.0010731
0.8593 -0.0122758 -0.0013316
0.8604 -0.0119395 -0.00299535
0.8615 -0.00683144 -0.00200258
0.8626 -0.00434067 0.00258326
0.86365 -0.00278674 -0.000714973
0.864651 -0.00540899 0.00268569
0.8657 -0.000561748 -0.00314712
0.8668 -0.00111843 -0.000559388
0.8679 -0.00354432 0.00545046
0.869 -0.00427592 0.00122159
0.8701 0.00398561 -0.00171934
0.8712 0.00248813 -0.00046669
0.87225 0.00186561 0.000929228
0.8733 -0.00576415 0.00210284
0.87435 -0.00488988 -0.00129159
0.8754 -0.00720391 -0.00104517
0.8765 -0.00396864 0.000362119
0.8776 -0.00407833 0.000285978
0.878625 -0.0045591 -0.000406116
0.8797 0.00182791 0.00135089
0.8808 0.00176412 0.000455934
0.88185 0.000681289 0.00119478
0.8829 -0.00720843 0.00277368
0.884 -0.00275805 0.000632736
0.8851 -0.0085326 0.00108494
0.8862 -0.000613972 0.00040472
0.8873 5.15063e-05 0.000537693
0.8884 0.00590499 -4.54309e-05
0.8895 0.00568138 -0.00103636
0.8906 0.0081092 -0.000593107
0.8917 0.00667071 0.000352274
0.8928 0.00427636 -0.000858369
0.8939 0.00460569 0.000992475
0.895 0.0153951 0.000283378
0.8961 0.014061 -0.00238711
0.8972 0.00728429 0.00171855
0.8983 0.00508293 0.00165421
0.8994 0.0139359 -0.00267841
0.9005 0.00788255 -0.000340197
0.9016 0.00636751 -0.000752463
0.9027 0.00374503 -0.000383123
0.9038 0.00288554 -0.00172936
0.90485 0.00429536 -0.00204425
0.9059 0.00731002 0.00112239
0.90695 0.000792752 0.00193257
0.908 -0.00689894 7.46727e-05
0.9091 -0.00119761 -0.000931129
0.9102 0.00928459 0.00148694
0.9113 0.00408507 0.00280525
0.9124 0.00158829 0.000191218
0.9135 -6.88255e-05 -0.00526992
0.9146 0.00386215 0.00509582
0.9157 0.00903732 0.000698256
0.9168 0.016175 -0.00462982
0.9179 0.0133263 0.00017566
0.919 0.0128524 -0.00600026
0.9201 0.0252028 -0.00235809
0.9212 0.0244426 -0.000651315
0.9223 0.00667105 -0.000461055
0.9234 0.00756796 -0.000513943
0.9245 0.00709061 -0.000767578
0.9256 0.00307769 0.00285155
0.9267 0.00820721 0.00106981
0.9278 0.00871517 -0.000992597
0.9289 0.00641279 -0.000561592
0.93 -0.00154509 0.00104217
0.9311 -0.000380268 0.00114557
0.9322 -0.00692282 -0.0013641
0.9333 -0.00929712 -5.06358e-05
0.9344 -0.00972352 0.00133602
0.9355 -0.000189331 0.000162049
0.9366 0.00188467 -0.000567635
0.9377 0.00690223 -0.000352249
0.9388 0.00688891 0.000566867
0.9399 0.00448316 0.00239955
0.941 0.00422078 0.00116504
0.9421 0.00498657 -0.00038581
0.9432 0.0109618 -0.000167226
0.9443 0.0131003 0.000213809
0.9454 0.0144156 -0.00183797
0.9465 0.00888889 -0.000657166
0.9476 0.00749689 -0.000448557
0.9487 0.000973383 -0.000324047
0.9498 -0.00226398 0.00128749
0.9509 -0.00197699 -0.000924553
0.952 0.00446119 0.00167655
0.9531 -0.00340555 0.00341972
0.9542 -0.00285918 0.00337356
0.9553 -0.0144495 0.000584904
0.95635 -0.0206631 0.000307704
0.9574 -0.019585 -0.00166001
0.9585 -0.00649505 -0.000149334
0.9596 0.00206884 0.000727796
0.9607 0.000411245 -0.00180683
0.9618 -0.00934256 -0.00200151
0.9629 -0.0155715 -0.000840011
0.964 -0.0104319 -0.00128468
0.9651 -0.00751022 0.00257212
0.9662 -0.00180478 -0.000952241
0.9673 0.00273085 0.00169543
0.96835 0.00422092 0.000987591
0.9694 0.00195547 0.00188707
0.9705 -0.00129365 0.000208513
0.9716 -0.00478616 -0.000674354
0.9727 -0.00261242 -0.00404072
0.9738 -0.00596917 0.00411647
0.9749 -0.00392365 0.00119668
0.976 -0.00232308 -0.0019671
0.9771 -0.0111633 -0.00314769
0.9782 -0.0122084 5.15982e-05
0.9793 -0.0180717 -0.000618733
0.9804 -0.0169616 0.000395183
0.9815 -0.0131441 -0.00223051
0.9826 -0.0117558 -0.00501159
0.98365 -0.00508175 0.0030407
0.9847 -0.0102728 0.00866691
0.9858 -0.0123816 -0.00191379
0.9869 -0.00112573 -0.00519945
0.988 -0.0126876 0.00585937
0.9891 -0.000413596 0.000386289
0.99015 0.00707403 0.0011937
0.9912 0.00230764 0.00074599
0.9923 -0.0018416 -0.00151776
0.9934 0.000250525 -0.00463007
0.9945 -0.00227901 0.011451
0.9956 0.00564416 -0.00424328
0.9967 0.00345496 -0.00296955
0.9978 0.00639698 0.000246186
0.9989 -0.00284678 -0.00135102
1 -0.000636794 0.00645816
