0 0
0.001 0
0.002 0
0.0031 0
0.0042 0
0.0052 0
0.0062 0
0.0072 0
0.0082 0
0.0093 0
0.0104 0
0.0115 0
0.0126 0
0.0137 0
0.0148 0
0.0159 0
0.017 0
0.0181 0
0.0192 0
0.0203 0
0.0214 0
0.0225 0
0.0236 0
0.0247 0
0.0258 0
0.0269 0
0.028 0
0.0291 0
0.0302 0
0.0313 0
0.0323 0
0.0333 0
0.0343 0
0.0353 0
0.0363 0
0.0373 0
0.0383 0
0.0393 0
0.0403 0
0.0413 0
0.0423 0
0.0433 0
0.0443 0
0.0453 0
0.0463 0
0.0473 0
0.0483 0
0.0493 0
0.0503 0
0.0513 0
0.0523 0
0.0533 0
0.0543 0
0.0553 0
0.0563 0
0.0573 0
0.0583 0
0.0593 0
0.0603 0
0.0613 0
0.0623 0
0.0633 0
0.0643 0
0.0653 0
0.0663 0
0.0673 0
0.0683 0
0.0693 0
0.0703 0
0.0713 0
0.0723 0
0.0733 0
0.0743 0
0.0753 0
0.0763 0
0.0773 0
0.0783 0
0.0793 0
0.0803 0
0.0813 0
0.0823 0
0.0833 0
0.0843 0
0.0853 0
0.0863 0
0.0873 0
0.0883 0
0.0893 0
0.0903 0
0.0913 0
0.0923 0
0.0933 0
0.0943 0
0.0953 0
0.0963 0
0.0973 0
0.0983 0
0.0993 0
0.1003 0
0.1013 0
0.1023 0
0.1033 0
0.1043 0
0.1053 0
0.1063 0
0.1073 0
0.1083 0
0.1093 0
0.1103 0
0.1113 0
0.1123 0
0.1133 0
0.1143 0
0.1153 0
0.1163 0
0.1173 0
0.1183 0
0.1193 0
0.1203 0
0.1213 0
0.1223 0
0.1233 0
0.1243 0
0.1253 0
0.1264 0
0.1275 0
0.1286 0
0.1297 0
0.1308 0
0.1319 0
0.133 -1.81025e-11
0.1341 -1.38583e-06
0.1352 2.82083e-05
0.1363 -4.91421e-06
0.1374 -0.000136011
0.1385 -0.000164805
0.1396 -0.000107132
0.1407 -3.44116e-05
0.1418 -1.07385e-05
0.1429 -3.34522e-05
0.144 -7.70952e-05
0.1451 -9.56584e-05
0.1462 1.03341e-05
0.1473 6.1577e-05
0.1484 -2.87262e-05
0.1495 -1.75058e-05
0.1506 0.000159047
0.1517 0.000353145
0.1528 0.000406568
0.1539 0.000525785
0.155 0.000821038
0.1561 0.00119562
0.1572 0.00148591
0.1583 0.00182112
0.1594 0.00220256
0.1605 0.00267924
0.1616 0.00322509
0.1627 0.00368547
0.1638 0.00416599
0.1649 0.004738
0.166 0.00531606
0.1671 0.00589817
0.1682 0.00655711
0.1693 0.00728658
0.1704 0.00802677
0.1715 0.0086679
0.1726 0.00922444
0.1737 0.0098136
0.1748 0.0104662
0.1759 0.0111752
0.177 0.0118727
0.1781 0.0126148
0.1792 0.0133452
0.1803 0.0140643
0.1814 0.0147824
0.1825 0.0155317
0.1836 0.0162452
0.1847 0.0169493
0.1858 0.0176944
0.1869 0.0184682
0.188 0.0191689
0.1891 0.0198023
0.1902 0.0203985
0.1913 0.0210112
0.1924 0.0216396
0.1935 0.0223249
0.1946 0.0230481
0.1957 0.0236663
0.1968 0.0242035
0.1979 0.0247125
0.199 0.0251912
0.2001 0.0255976
0.2012 0.0260351
0.2023 0.026557
0.2034 0.0270664
0.2045 0.0275024
0.2056 0.0278925
0.2067 0.0282207
0.2078 0.0285106
0.2089 0.0287598
0.21 0.0289558
0.2111 0.0291518
0.2122 0.0293516
0.2133 0.0295385
0.2144 0.0297128
0.2155 0.0298589
0.2166 0.0299567
0.2177 0.0300263
0.2188 0.030116
0.2199 0.0302431
0.221 0.0303881
0.2221 0.0304992
0.2232 0.0305909
0.2243 0.0306577
0.2254 0.0307033
0.2265 0.0307396
0.2276 0.0307785
0.2287 0.0307915
0.2298 0.0307779
0.2309 0.0307781
0.232 0.0307893
0.2331 0.030807
0.2342 0.0308408
0.2353 0.0308366
0.2364 0.0307462
0.2375 0.030613
0.23855 0.0304708
0.2396 0.0303288
0.24065 0.0301103
0.2417 0.0298486
0.2428 0.0296082
0.2439 0.0294073
0.245 0.0292357
0.2461 0.0290365
0.2472 0.0288352
0.2483 0.0286633
0.2494 0.0284946
0.2505 0.0283212
0.2516 0.0281336
0.2527 0.0279813
0.2538 0.0278491
0.2549 0.0276716
0.256 0.0274635
0.2571 0.0272951
0.2582 0.0271435
0.2593 0.0269808
0.2604 0.0268115
0.2615 0.026621
0.2626 0.0264387
0.2637 0.0262374
0.2648 0.0259934
0.2659 0.0256938
0.267 0.0253461
0.2681 0.0250073
0.2692 0.0246588
0.2703 0.0242855
0.2714 0.0239044
0.2725 0.0235463
0.2736 0.0232028
0.2747 0.0228808
0.2758 0.0225726
0.2769 0.0223315
0.278 0.0220971
0.2791 0.0218409
0.2802 0.0215858
0.2813 0.0213647
0.2824 0.021143
0.2835 0.0209139
0.2846 0.020677
0.2857 0.0204438
0.2868 0.0201935
0.2879 0.0199295
0.289 0.019692
0.2901 0.0194827
0.2912 0.0192496
0.2923 0.0189867
0.2934 0.0187026
0.2945 0.018382
0.2956 0.0180721
0.2967 0.0177573
0.2978 0.0174571
0.2989 0.0171622
0.3 0.016874
0.3011 0.0165852
0.3022 0.0162956
0.3033 0.0160138
0.3044 0.0157457
0.3055 0.015509
0.3066 0.0152944
0.3077 0.0150887
0.3088 0.0149047
0.3099 0.0147293
0.311 0.0145381
0.3121 0.0143605
0.3132 0.0141908
0.3143 0.0139988
0.3154 0.0138327
0.3165 0.0137101
0.3176 0.0136162
0.3187 0.0135136
0.3198 0.0133837
0.3209 0.0132623
0.322 0.01314
0.3231 0.0130108
0.3242 0.0128704
0.3253 0.0127223
0.3264 0.0126035
0.3275 0.0124653
0.3286 0.0123161
0.3297 0.0121756
0.3308 0.0120786
0.3319 0.0120221
0.333 0.011985
0.3341 0.0119516
0.3352 0.0119119
0.3363 0.0118666
0.3374 0.0118361
0.3385 0.0118312
0.3396 0.011856
0.3407 0.0119106
0.3418 0.0119514
0.3429 0.0119791
0.344 0.0120058
0.3451 0.0120162
0.3462 0.0119974
0.3473 0.0119634
0.3484 0.0119567
0.3495 0.011977
0.3506 0.0119772
0.3517 0.0119156
0.3528 0.0118279
0.3539 0.0117317
0.355 0.0116456
0.3561 0.0115762
0.3572 0.0115213
0.3583 0.011492
0.3594 0.0114751
0.3605 0.011449
0.3616 0.0114238
0.3627 0.0114053
0.3638 0.0114007
0.3649 0.0113592
0.366 0.0113362
0.3671 0.0113601
0.3682 0.0113772
0.3693 0.0113219
0.3704 0.0112747
0.3715 0.0112742
0.3726 0.0113023
0.3737 0.0112875
0.3748 0.011274
0.3759 0.011266
0.377 0.0112463
0.3781 0.0112153
0.3792 0.0111789
0.3803 0.0111661
0.3814 0.0111684
0.3825 0.0111619
0.3836 0.0111574
0.3847 0.0111563
0.3858 0.0111357
0.3869 0.0110811
0.388 0.0110491
0.3891 0.0110452
0.3902 0.0110523
0.3913 0.0110728
0.3924 0.011104
0.3935 0.0111326
0.3946 0.0111501
0.3957 0.0111559
0.3968 0.0111552
0.3979 0.0111471
0.399 0.0111469
0.4001 0.0111499
0.4012 0.0111434
0.4023 0.0111292
0.4034 0.0111019
0.4045 0.0110603
0.4056 0.0110138
0.4067 0.0109656
0.4078 0.010924
0.4089 0.0108652
0.41 0.0108009
0.4111 0.0107612
0.4122 0.0107111
0.4133 0.0106417
0.4144 0.0105792
0.4155 0.010533
0.4166 0.0105068
0.4177 0.0104846
0.4188 0.0104696
0.4199 0.0104138
0.421 0.0103055
0.4221 0.0102124
0.4232 0.010136
0.4243 0.0100536
0.4254 0.0100007
0.4265 0.00998011
0.4276 0.00997919
0.4287 0.00997262
0.4298 0.0099618
0.4309 0.00991868
0.432 0.00986102
0.4331 0.00982626
0.4342 0.00982258
0.4353 0.00984496
0.4364 0.00989421
0.4375 0.00997132
0.4386 0.0100283
0.4397 0.0100542
0.4408 0.0100554
0.4419 0.0100496
0.443 0.0100555
0.4441 0.0100758
0.4452 0.0100981
0.4463 0.0101124
0.4474 0.0101022
0.4485 0.0100604
0.4496 0.00999017
0.4507 0.00990929
0.4518 0.00982705
0.4529 0.00976632
0.454 0.00972042
0.4551 0.0096803
0.4562 0.00963808
0.4573 0.00959196
0.4584 0.00955277
0.4595 0.00952246
0.4606 0.0094973
0.4617 0.00949523
0.4628 0.00951754
0.4639 0.00955321
0.465 0.00959148
0.4661 0.00962549
0.4672 0.00964788
0.4683 0.00965719
0.4694 0.00965637
0.4705 0.00964502
0.4716 0.00962962
0.4727 0.00960322
0.4738 0.00956469
0.4749 0.0095189
0.476 0.0094498
0.4771 0.00935585
0.4782 0.00925965
0.4793 0.00917647
0.4804 0.00909026
0.4815 0.00901004
0.4826 0.00894368
0.4837 0.00887631
0.4848 0.00881236
0.4859 0.00876245
0.487 0.00874092
0.4881 0.00874205
0.4892 0.00874724
0.4903 0.00875716
0.4914 0.00878645
0.4925 0.00881439
0.4936 0.00882523
0.4947 0.00882577
0.4958 0.00883442
0.4969 0.00885453
0.498 0.00886655
0.4991 0.00885424
0.5002 0.00881216
0.5013 0.00869874
0.5024 0.0085655
0.5035 0.00843338
0.5046 0.00832914
0.5057 0.00824693
0.5068 0.00817873
0.5079 0.00812667
0.509 0.00806379
0.5101 0.00798652
0.5112 0.00786873
0.5123 0.00776385
0.5134 0.00771326
0.5145 0.00770688
0.5156 0.00774441
0.5167 0.00779443
0.5178 0.00784916
0.5189 0.00784083
0.52 0.00780606
0.5211 0.00778011
0.5222 0.00779323
0.5233 0.00786194
0.5244 0.00794693
0.5255 0.00802194
0.5266 0.00806984
0.5277 0.00807189
0.5288 0.00803528
0.5299 0.00800184
0.531 0.00795177
0.5321 0.00786754
0.5332 0.00779492
0.5343 0.00775041
0.5354 0.00772022
0.5365 0.00768382
0.5376 0.00763497
0.5387 0.00759971
0.5398 0.00757606
0.5409 0.00752552
0.542 0.00743914
0.5431 0.00740264
0.5442 0.00742999
0.5453 0.007492
0.5464 0.00756831
0.5475 0.00765508
0.5486 0.00775475
0.5497 0.00783928
0.5508 0.00790789
0.5519 0.00797783
0.553 0.00805322
0.5541 0.00809895
0.5552 0.00809569
0.5563 0.00807013
0.5574 0.00804143
0.5585 0.00800351
0.5596 0.00797508
0.5607 0.00795519
0.5618 0.0079392
0.5629 0.00790411
0.564 0.00784918
0.5651 0.00780932
0.5662 0.00780069
0.5673 0.00781376
0.5684 0.00784378
0.5695 0.00789807
0.5706 0.00796715
0.5717 0.00804084
0.5728 0.00810911
0.5739 0.00817759
0.575 0.00825064
0.5761 0.00833571
0.5772 0.0084251
0.5783 0.00850673
0.5794 0.00857713
0.5805 0.00863196
0.5816 0.00865359
0.5827 0.00863878
0.5838 0.00861183
0.5849 0.00857227
0.586 0.00850867
0.5871 0.00844304
0.5882 0.0083824
0.5893 0.00833255
0.5904 0.00828161
0.5915 0.00822472
0.5926 0.00816892
0.5937 0.00813743
0.5948 0.00812635
0.5959 0.00812773
0.597 0.0081413
0.5981 0.00819654
0.5992 0.00824437
0.6003 0.0082433
0.6014 0.00828085
0.6025 0.00841319
0.6036 0.00865267
0.6047 0.00891514
0.6058 0.00914626
0.6069 0.00928633
0.608 0.00935179
0.6091 0.00935117
0.6102 0.00928688
0.6113 0.00920488
0.6124 0.00912985
0.6135 0.0090197
0.6146 0.00884897
0.6157 0.00862173
0.6168 0.00834863
0.6179 0.00804936
0.619 0.00775049
0.6201 0.00749437
0.6212 0.0072976
0.6223 0.00712688
0.6234 0.00695781
0.6245 0.00679033
0.6256 0.00665199
0.6267 0.00653122
0.6278 0.00641731
0.6289 0.00633029
0.63 0.0062891
0.6311 0.00627366
0.6322 0.00625828
0.6333 0.00622837
0.6344 0.00617132
0.6355 0.00608926
0.6366 0.00597746
0.6377 0.00584316
0.6388 0.0057003
0.6399 0.00555678
0.641 0.00539138
0.6421 0.00520165
0.6432 0.00499793
0.6443 0.00478614
0.6454 0.00457406
0.6465 0.00437105
0.6476 0.00419488
0.6487 0.00403517
0.6498 0.00388404
0.6509 0.00375788
0.652 0.00365306
0.6531 0.00354692
0.6542 0.00345349
0.6553 0.00337399
0.6564 0.00330903
0.65745 0.00325805
0.6585 0.00320919
0.6596 0.00316025
0.6607 0.0031215
0.6618 0.00305613
0.6629 0.00297048
0.664 0.00288534
0.6651 0.00279916
0.6662 0.00271007
0.6673 0.00261912
0.6684 0.0025322
0.6695 0.00244066
0.6706 0.00234173
0.6717 0.00223841
0.6728 0.0021429
0.6739 0.00205546
0.675 0.00198758
0.6761 0.0019418
0.6772 0.0019097
0.6783 0.00188456
0.6794 0.00186191
0.6805 0.00184348
0.6816 0.00182738
0.6827 0.00182386
0.6838 0.00183269
0.6849 0.00185255
0.686 0.00186919
0.6871 0.00186987
0.6882 0.00185648
0.6893 0.00183546
0.6904 0.00181164
0.6915 0.00179199
0.6926 0.00177683
0.6937 0.00176217
0.6948 0.00174854
0.6959 0.00173411
0.697 0.00172494
0.6981 0.00172243
0.6992 0.00172812
0.7003 0.00174675
0.7014 0.00177625
0.7025 0.00180758
0.7036 0.00184487
0.7047 0.0018879
0.7058 0.0019313
0.7069 0.00196426
0.708 0.00199186
0.7091 0.00202157
0.7102 0.0020466
0.7113 0.00206206
0.7124 0.0020781
0.7135 0.00209989
0.7146 0.00212713
0.7157 0.00215831
0.7168 0.00218695
0.7179 0.0022218
0.719 0.00225226
0.7201 0.0022813
0.7212 0.00232002
0.7223 0.00236499
0.7234 0.00242128
0.7245 0.00249451
0.7256 0.00257256
0.7267 0.00264795
0.7278 0.00271527
0.7289 0.00277472
0.73 0.00283485
0.7311 0.00289408
0.7322 0.00295872
0.7333 0.00303398
0.7344 0.00309915
0.7355 0.00316136
0.7366 0.0032153
0.7377 0.00326545
0.7388 0.00331793
0.7399 0.00336837
0.741 0.00341483
0.7421 0.00346474
0.7432 0.00351668
0.7443 0.00356678
0.7454 0.00359155
0.7465 0.00360206
0.7476 0.0036189
0.7487 0.00365066
0.7498 0.00368451
0.7509 0.00371596
0.752 0.00374779
0.7531 0.00377404
0.7542 0.00379819
0.7553 0.00382807
0.7564 0.00386855
0.7575 0.00391901
0.7586 0.00396047
0.7597 0.00400364
0.7608 0.00405781
0.7619 0.00410757
0.763 0.00413796
0.7641 0.00414326
0.7652 0.00413294
0.7663 0.00411596
0.7674 0.00409178
0.7685 0.00405712
0.7696 0.00401925
0.7707 0.003979
0.7718 0.00392034
0.7729 0.00382889
0.774 0.00373921
0.7751 0.00366931
0.7762 0.00360466
0.7773 0.00352894
0.7784 0.00345001
0.7795 0.00337695
0.7806 0.00330743
0.7817 0.00324097
0.7828 0.00317126
0.7839 0.00311604
0.785 0.00304695
0.7861 0.00296045
0.7872 0.00287575
0.7883 0.00280093
0.7894 0.00272923
0.7905 0.00265249
0.7916 0.00257343
0.7927 0.00247838
0.7938 0.00236257
0.7949 0.00224176
0.796 0.0021273
0.7971 0.00200488
0.7982 0.00186505
0.7993 0.00172092
0.8004 0.0015774
0.8015 0.00142962
0.8026 0.00128283
0.8037 0.00114332
0.8048 0.00101529
0.8059 0.000901085
0.807 0.000793232
0.8081 0.000683794
0.8092 0.000570987
0.8103 0.000454548
0.8114 0.000337468
0.8125 0.000226751
0.8136 0.0001192
0.8147 1.03421e-05
0.8158 -0.000102026
0.8169 -0.00022783
0.818 -0.000350648
0.8191 -0.000455861
0.8202 -0.000544129
0.8213 -0.000619516
0.8224 -0.000691592
0.8235 -0.000764553
0.8246 -0.000843215
0.8257 -0.000934728
0.8268 -0.00103824
0.8279 -0.0011467
0.829 -0.00125913
0.8301 -0.00137317
0.8312 -0.00148727
0.8323 -0.00160197
0.8334 -0.00171521
0.8345 -0.00182227
0.8356 -0.00192019
0.8367 -0.00200573
0.8378 -0.00207704
0.8389 -0.00213281
0.84 -0.00217333
0.8411 -0.00220204
0.8422 -0.00221973
0.8433 -0.00222276
0.8444 -0.00221334
0.84545 -0.00219808
0.8465 -0.0021818
0.8476 -0.00216044
0.8487 -0.00213503
0.8498 -0.00211049
0.8509 -0.00208612
0.852 -0.0020575
0.8531 -0.00202283
0.85415 -0.00198898
0.8552 -0.00195384
0.8563 -0.00191398
0.8574 -0.00187103
0.8585 -0.00182262
0.8596 -0.00176452
0.8607 -0.00169476
0.8618 -0.00161385
0.8629 -0.00152339
0.864 -0.00142275
0.8651 -0.00131319
0.8662 -0.00119466
0.8673 -0.00107053
0.8684 -0.000943804
0.8695 -0.000807175
0.8706 -0.000667135
0.8717 -0.000527895
0.8728 -0.000393304
0.8739 -0.000260351
0.875 -0.000132138
0.8761 -3.56845e-06
0.8772 0.000125416
0.87825 0.000248289
0.8793 0.000366937
0.88035 0.000483163
0.8814 0.000600855
0.8825 0.000728448
0.8836 0.000865095
0.8847 0.00100639
0.8858 0.00114332
0.8869 0.00127386
0.888 0.00139652
0.8891 0.00151446
0.8902 0.00163636
0.8913 0.00176787
0.8924 0.00190168
0.8935 0.00202689
0.8946 0.0021395
0.8957 0.00223831
0.8968 0.0023264
0.8979 0.00240217
0.899 0.00246806
0.9001 0.00252305
0.9012 0.0025692
0.9023 0.0026026
0.9034 0.00262085
0.9045 0.00262849
0.9056 0.00263076
0.9067 0.00262412
0.9078 0.00261237
0.9089 0.00259352
0.91 0.00256595
0.9111 0.00253279
0.9122 0.00249154
0.9133 0.00244515
0.9144 0.00239632
0.9155 0.0023451
0.9166 0.00228843
0.9177 0.00222474
0.9188 0.00215097
0.9199 0.00206493
0.921 0.00197023
0.9221 0.00186431
0.9232 0.00175138
0.9243 0.00163634
0.9254 0.00151635
0.9265 0.00138702
0.9276 0.00124999
0.9287 0.00110932
0.9298 0.00096216
0.9309 0.000808007
0.932 0.000651843
0.9331 0.000495248
0.9342 0.000336935
0.9353 0.000176579
0.9364 1.63464e-05
0.9375 -0.000145014
0.9386 -0.000308841
0.9397 -0.000473309
0.9408 -0.000635379
0.9419 -0.000795839
0.943 -0.000958904
0.9441 -0.00112487
0.9452 -0.00129011
0.9463 -0.00145495
0.9474 -0.00162099
0.9485 -0.00178695
0.9496 -0.00195205
0.9507 -0.00211585
0.9518 -0.00227784
0.9529 -0.00243771
0.954 -0.00259465
0.9551 -0.0027477
0.9562 -0.00289543
0.9573 -0.0030362
0.9584 -0.00317008
0.9595 -0.00329972
0.9606 -0.00342572
0.9617 -0.00354864
0.9628 -0.00366771
0.9639 -0.00378333
0.965 -0.00389456
0.9661 -0.00400057
0.9672 -0.00410244
0.9683 -0.00420093
0.9694 -0.00429631
0.9705 -0.00438723
0.9716 -0.00447489
0.9727 -0.00455532
0.9738 -0.00462659
0.9749 -0.00469159
0.976 -0.00475252
0.9771 -0.00480827
0.9782 -0.00485575
0.97925 -0.00489551
0.9803 -0.00493222
0.9814 -0.00496575
0.9825 -0.00499133
0.9836 -0.00501072
0.9847 -0.00502369
0.9858 -0.0050259
0.9869 -0.00501706
0.988 -0.00500465
0.9891 -0.00498925
0.9902 -0.00496738
0.9913 -0.00494
0.9924 -0.00490793
0.9935 -0.00487072
0.9946 -0.00482934
0.9957 -0.00478268
0.9968 -0.0047346
0.9979 -0.00468514
0.999 -0.00463306
1.0001 -0.00457395
