0 0 0
0.001 0 0
0.002 0 0
0.0031 0 0
0.0042 0 0
0.0052 0 0
0.0062 0 0
0.0072 0 0
0.0082 0 0
0.0093 0 0
0.0104 0 0
0.0115 0 0
0.0126 0 0
0.0137 0 0
0.0148 0 0
0.0159 0 0
0.017 0 0
0.0181 0 0
0.0192 0 0
0.0203 0 0
0.0214 0 0
0.0225 0 0
0.0236 0 0
0.0247 0 0
0.0258 0 0
0.0269 0 0
0.028 0 0
0.0291 0 0
0.0302 0 0
0.0313 0 0
0.0323 0 0
0.0333 0 0
0.0343 0 0
0.0353 0 0
0.0363 0 0
0.0373 0 0
0.0383 0 0
0.0393 0 0
0.0403 0 0
0.0413 0 0
0.0423 0 0
0.0433 0 0
0.0443 0 0
0.0453 0 0
0.0463 0 0
0.0473 0 0
0.0483 0 0
0.0493 0 0
0.0503 0 0
0.0513 0 0
0.0523 0 0
0.0533 0 0
0.0543 0 0
0.0553 0 0
0.0563 0 0
0.0573 0 0
0.0583 0 0
0.0593 0 0
0.0603 0 0
0.0613 0 0
0.0623 0 0
0.0633 0 0
0.0643 0 0
0.0653 0 0
0.0663 0 0
0.0673 0 0
0.0683 0 0
0.0693 0 0
0.0703 0 0
0.0713 0 0
0.0723 0 0
0.0733 0 0
0.0743 0 0
0.0753 0 0
0.0763 0 0
0.0773 0 0
0.0783 0 0
0.0793 0 0
0.0803 0 0
0.0813 0 0
0.0823 0 0
0.0833 0 0
0.0843 0 0
0.0853 0 0
0.0863 0 0
0.0873 0 0
0.0883 0 0
0.0893 0 0
0.0903 0 0
0.0913 0 0
0.0923 0 0
0.0933 0 0
0.0943 0 0
0.0953 0 0
0.0963 0 0
0.0973 0 0
0.0983 0 0
0.0993 0 0
0.1003 0 0
0.1013 0 0
0.1023 0 0
0.1033 0 0
0.1043 0 0
0.1053 0 0
0.1063 0 0
0.1073 0 0
0.1083 0 0
0.1093 0 0
0.1103 0 0
0.1113 0 0
0.1123 0 0
0.1133 0 0
0.1143 0 0
0.1153 0 0
0.1163 0 0
0.1173 0 0
0.1183 0 0
0.1193 0 0
0.1203 0 0
0.1213 0 0
0.1223 0 0
0.1233 0 0
0.1243 0 0
0.1253 0 0
0.1264 0 0
0.1275 0 0
0.1286 0 0
0.1297 0 0
0.1308 0 0
0.1319 0 0
0.133 1.38811e-06 -8.31025e-10
0.1341 0.023396 -0.00194817
0.1352 0.0197028 -0.0836616
0.1363 0.128947 0.0901923
0.1374 -0.103499 0.0391588
0.1385 -0.0845429 -0.0393347
0.1396 -0.028934 -0.0120957
0.1407 0.0386816 0.00157994
0.1418 0.0498643 0.0521512
0.1429 0.0190349 -0.0227367
0.144 0.00184202 -0.0232462
0.1451 -0.106738 -0.0253318
0.1462 0.00812189 0.011791
0.1473 0.181191 0.00949394
0.1484 -0.0931489 0.0117399
0.1495 -0.168509 -0.0359412
0.1506 -0.0719161 -0.0159373
0.1517 0.172512 0.0376031
0.1528 -0.0485982 0.0311051
0.1539 -0.1707 -0.0188153
0.155 -0.0851553 -0.049902
0.1561 0.131118 -0.00175197
0.1572 -0.0900676 -0.000178961
0.1583 0.00333092 -0.0127767
0.1594 -0.0956231 -0.0705419
0.1605 -0.148991 -0.077882
0.1616 0.104287 -0.0145903
0.1627 -0.0126521 0.0493824
0.1638 -0.123417 0.00539072
0.1649 -0.00512818 -0.0496767
0.166 0.0214425 0.0251568
0.1671 -0.0752641 0.0294976
0.1682 -0.0827826 0.0115319
0.1693 -0.000949128 0.0138775
0.1704 0.0992449 -0.0547097
0.1715 0.0878421 -0.0330404
0.1726 -0.0581309 0.0591258
0.1737 -0.0049485 -0.0233224
0.1748 -0.0979061 -0.0239266
0.1759 0.00728525 0.0249075
0.177 -0.0976311 0.0466053
0.1781 -0.00535151 0.0113077
0.1792 0.0186206 0.0182704
0.1803 0.0032936 -0.0704504
0.1814 -0.0515974 0.0345738
0.1825 0.0590088 0.0129132
0.1836 0.0315398 -0.00187214
0.1847 -0.0429286 0.01477
0.1858 -0.0538787 0.0150247
0.1869 0.0822573 -0.0426642
0.188 0.0744663 -0.0319058
0.1891 0.0615525 -0.0323541
0.1902 -0.0216556 0.034253
0.1913 -0.0145573 0.0157193
0.1924 -0.0243079 0.0379751
0.1935 -0.0841744 0.0376746
0.1946 0.103645 -0.0217389
0.1957 0.0714435 -0.0132182
0.1968 0.0612198 -0.00405136
0.1979 0.0195968 -0.00745775
0.199 0.080463 -0.0613411
0.2001 -0.0188781 0.0247894
0.2012 -0.15698 0.0924602
0.2023 0.00305176 -0.00657165
0.2034 0.120306 -0.095844
0.2045 0.0523354 -0.0143149
0.2056 0.0575581 -0.0508176
0.2067 0.0270762 -0.032209
0.2078 0.0339059 -0.0374076
0.2089 0.0452405 -0.0326898
0.21 -0.00196517 0.0283667
0.2111 0.0664616 0.0979154
0.2122 0.062246 -0.0141061
0.2133 0.0243654 -0.0108682
0.2144 0.0365575 -0.0340084
0.2155 0.0805406 -0.0464912
0.2166 0.0259175 -0.030773
0.2177 -0.0606984 0.0137956
0.2188 0.0778673 0.0100875
0.2199 0.0482439 0.0188539
0.221 0.0224616 -0.00105467
0.2221 0.0198675 0.0179735
0.2232 0.0201367 0.00375356
0.2243 0.0379807 -0.00548098
0.2254 0.0351489 0.0188986
0.2265 -0.0287981 0.0379149
0.2276 0.0531909 -0.0823033
0.2287 0.0435994 -0.0453279
0.2298 -0.00812434 0.0284317
0.2309 -0.0262349 0.0378327
0.232 0.00312269 0.00201986
0.2331 0.0404626 0.00617195
0.2342 0.0485009 -0.0044007
0.2353 0.109595 -0.0559896
0.2364 0.0233965 -0.0125449
0.2375 0.0566506 -0.0459137
0.23855 0.02744 0.0600872
0.2396 0.0955647 -0.0442286
0.24065 0.0661237 -0.0192315
0.2417 -0.00701565 0.0237434
0.2428 -0.0527733 0.0152916
0.2439 -0.0265893 0.0299642
0.245 0.0359367 -0.0230187
0.2461 0.0545551 -0.0218664
0.2472 -0.00915974 0.0562288
0.2483 -0.00295888 -0.0202297
0.2494 -0.00234864 0.0308435
0.2505 0.0130581 0.0328812
0.2516 -0.0407864 0.0952211
0.2527 -0.0551751 0.0562997
0.2538 0.0311081 -0.0424703
0.2549 0.079393 -0.0102005
0.256 -0.0330401 0.049073
0.2571 0.00322692 0.00241236
0.2582 0.041406 -0.0395479
0.2593 0.0260326 0.00236391
0.2604 0.0329739 -0.0237321
0.2615 0.0223458 0.0115869
0.2626 0.0237302 0.00943195
0.2637 0.0518669 0.0197814
0.2648 0.0296529 -0.0254893
0.2659 0.0586894 -0.0107489
0.267 0.0206279 0.053625
0.2681 0.015418 0.00859674
0.2692 0.0229742 0.00363645
0.2703 0.0178406 -0.0142644
0.2714 0.0221875 0.0450322
0.2725 -0.0259232 -0.00966419
0.2736 -0.0275405 0.0231425
0.2747 0.0276765 -0.0450496
0.2758 -0.0679083 0.0559804
0.2769 -0.000724823 0.0105479
0.278 0.0379771 0.00518018
0.2791 0.00427624 0.0272049
0.2802 -0.0489398 0.047973
0.2813 -0.014326 0.0150127
0.2824 0.0281768 0.00969066
0.2835 0.0038527 0.00520489
0.2846 -0.0242003 0.0236163
0.2857 0.010854 -0.000665453
0.2868 0.0550802 -0.0214861
0.2879 -0.0391246 0.0195396
0.289 0.0340583 0.174254
0.2901 0.0349271 -0.00574014
0.2912 0.0391592 -0.00812037
0.2923 0.0228221 0.0243155
0.2934 0.092443 0.0619203
0.2945 0.0122495 0.0893217
0.2956 0.0282755 0.0454058
0.2967 -0.0176572 0.0320262
0.2978 -0.000306365 0.0138443
0.2989 -0.0198569 -0.0100276
0.3 -0.011876 0.0104272
0.3011 0.0208482 0.0492525
0.3022 0.0129863 -0.0135775
0.3033 -0.0138608 -0.0173911
0.3044 -0.0372817 0.0102203
0.3055 -0.0103675 0.00322542
0.3066 -0.00481519 0.0137092
0.3077 -0.0393935 0.00298102
0.3088 -0.0246881 0.0145044
0.3099 0.00803592 0.000197475
0.311 -0.0320697 0.0394892
0.3121 -0.0212336 0.025631
0.3132 0.0445148 0.00741816
0.3143 0.0119461 -0.00172054
0.3154 0.034648 0.0647986
0.3165 -0.0236143 0.00571066
0.3176 0.00948706 0.00766629
0.3187 0.031251 -0.0139197
0.3198 -0.0187321 -0.0222361
0.3209 0.0185998 0.0374254
0.322 0.00768366 0.022882
0.3231 0.0131153 -0.00549695
0.3242 0.0325833 0.00890993
0.3253 -0.00514644 0.00247342
0.3264 0.0693886 -0.00411011
0.3275 0.0154648 -0.00727578
0.3286 0.0107327 -0.00878425
0.3297 -0.0583034 -0.00446254
0.3308 -0.0339722 0.0082521
0.3319 -0.0337794 0.0114163
0.333 0.00016867 -0.00499611
0.3341 0.0150784 -0.00370295
0.3352 0.0153522 0.017193
0.3363 0.0140234 0.0679352
0.3374 0.00819382 0.0235262
0.3385 -0.0380493 0.00355347
0.3396 -0.0479663 0.021232
0.3407 0.0159048 -0.000981485
0.3418 0.0352315 -0.00928402
0.3429 0.00531358 0.00106811
0.344 0.018646 -0.0112362
0.3451 0.0350716 -0.0108136
0.3462 0.0197664 -0.00540682
0.3473 -0.0259143 0.00600548
0.3484 -0.0264988 0.00928198
0.3495 0.0186136 -0.00635642
0.3506 0.0818002 -0.0102335
0.3517 0.0209931 0.0197986
0.3528 0.0122622 0.0132409
0.3539 -0.0021022 0.00553844
0.355 -0.0217571 0.00893007
0.3561 -0.020828 0.00982222
0.3572 -0.0355287 0.0158922
0.3583 -0.0328505 -0.00824477
0.3594 0.00797652 0.00404783
0.3605 0.00834458 -0.00168238
0.3616 -0.0202975 0.0250988
0.3627 -0.0302894 0.0145002
0.3638 0.0468153 0.00242135
0.3649 -0.00413152 0.0179205
0.366 -0.0435569 0.0166213
0.3671 -0.0160412 0.00380697
0.3682 0.103787 -0.00923255
0.3693 0.0188124 0.0274531
0.3704 -0.0510773 0.00986159
0.3715 -0.0482014 -0.00667366
0.3726 0.074486 -0.00743835
0.3737 -0.00531205 0.0244678
0.3748 -0.0139528 0.000211222
0.3759 0.0176975 -0.0109662
0.377 0.00654262 -0.00447232
0.3781 0.00737457 0.00927511
0.3792 -0.0346704 0.0256356
0.3803 -0.0427236 0.0068603
0.3814 0.0110717 -0.00215312
0.3825 -0.00532231 0.0114673
0.3836 0.00512346 0.00342867
0.3847 0.0170961 0.0252444
0.3858 0.0357612 -0.0134528
0.3869 -0.00132846 0.0142148
0.388 -0.0377579 0.0158355
0.3891 -0.0179297 0.0042412
0.3902 -0.0146464 -0.0111814
0.3913 0.00182941 0.0144475
0.3924 0.00183302 0.000609305
0.3935 -0.00474174 0.00781634
0.3946 0.00343817 0.00566386
0.3957 0.0056264 0.0106173
0.3968 0.0117426 0.00887442
0.3979 -0.0135506 0.00752248
0.399 0.00367937 0.00485817
0.4001 0.0137958 -0.00365208
0.4012 0.00981958 -0.00404853
0.4023 0.00910963 -0.00380535
0.4034 0.0182997 -0.00602835
0.4045 0.0137235 -0.0058096
0.4056 0.00571428 0.00143515
0.4067 -0.0119953 0.00336436
0.4078 0.0220071 0.000261897
0.4089 0.0216714 0.000165065
0.41 -0.00345005 0.00568462
0.4111 0.0162443 0.012692
0.4122 0.0313531 0.0285009
0.4133 -0.00618906 0.0210031
0.4144 -0.0214092 0.0350262
0.4155 -0.0258822 0.00686962
0.4166 -0.0049011 -0.000945071
0.4177 0.0206994 -0.00279829
0.4188 0.0393651 0.00357882
0.4199 0.0853416 -0.0193729
0.421 0.0156327 0.0120614
0.4221 -0.0295847 0.00948738
0.4232 0.0358108 0.00172121
0.4243 -0.00508981 0.0389824
0.4254 -0.0342905 0.00322592
0.4265 -0.0198145 0.00716849
0.4276 0.0142492 0.00850634
0.4287 -0.00177733 0.00235474
0.4298 0.0487328 -0.00865572
0.4309 0.0229272 0.00201083
0.432 -0.0245976 0.0098102
0.4331 -0.0407652 0.0102233
0.4342 -0.0287555 0.0103288
0.4353 -0.0156154 0.00463468
0.4364 -0.0356641 0.0351988
0.4375 0.0282138 -0.00781901
0.4386 0.041555 0.0164351
0.4397 0.0380731 0.00125573
0.4408 0.0233427 0.00479228
0.4419 -0.00399595 0.00980963
0.443 -0.0036733 0.0506718
0.4441 0.00240406 0.00509781
0.4452 0.0264527 0.0103272
0.4463 0.0446429 0.0149181
0.4474 0.0432273 -0.00321678
0.4485 0.0398918 -0.0027382
0.4496 0.0158851 0.00220475
0.4507 0.0141557 0.00387628
0.4518 -0.013286 0.00919078
0.4529 -0.0101837 0.00740083
0.454 0.000965507 0.00451177
0.4551 0.00599974 0.00214553
0.4562 0.009298 0.00341064
0.4573 0.00613735 0.0080559
0.4584 -0.0154131 0.000512625
0.4595 0.00483105 -0.00177869
0.4606 -0.00934894 0.00380579
0.4617 -0.0249488 0.00141825
0.4628 -0.0144707 0.000619728
0.4639 -0.00129976 0.00172432
0.465 0.00675657 0.00414682
0.4661 0.0108485 0.000773702
0.4672 0.0176954 -0.00163579
0.4683 0.00631505 0.0043509
0.4694 0.01382 0.00744093
0.4705 -0.000719796 0.000111406
0.4716 0.0135777 0.000751846
0.4727 0.0179009 -0.000190149
0.4738 0.0049939 0.0133658
0.4749 0.0322807 0.00652064
0.476 0.0516217 0.0130893
0.4771 0.0139988 0.013155
0.4782 -0.00440654 0.0116672
0.4793 0.039054 0.00887333
0.4804 0.00479756 0.0076136
0.4815 -0.00389474 0.0106082
0.4826 0.00829485 0.00842592
0.4837 0.0135159 0.0053012
0.4848 0.00200704 0.0192908
0.4859 -0.0261493 0.0133391
0.487 -0.0147577 0.00885038
0.4881 -0.000764841 0.00145483
0.4892 0.00384059 0.00232825
0.4903 0.00290456 0.00452829
0.4914 -0.0041449 -0.000648295
0.4925 0.0336965 -0.00680766
0.4936 0.0124774 0.00175095
0.4947 -0.00145659 0.00662693
0.4958 -0.00968617 0.00766578
0.4969 0.0140189 0.00892698
0.498 0.0308206 0.00768395
0.4991 0.0287376 -1.12987e-06
0.5002 0.0949655 -0.00785616
0.5013 0.0542649 0.0317596
0.5024 0.00901048 0.00165608
0.5035 -0.0306947 0.0103586
0.5046 -0.0300214 0.0120441
0.5057 -0.00718306 0.00720628
0.5068 -0.0170712 0.0053642
0.5079 0.0155605 0.00556959
0.509 0.014508 -0.00430796
0.5101 0.0637278 -0.00966069
0.5112 0.0178693 0.00246934
0.5123 -0.0474115 0.00672737
0.5134 -0.0447081 0.00713771
0.5145 -0.0538445 0.0105843
0.5156 -0.0130028 0.00560003
0.5167 -0.0116233 0.00282123
0.5178 0.0901321 -0.0181043
0.5189 0.0355316 -0.0047791
0.52 -0.0072532 0.00387207
0.5211 -0.0425952 0.0503228
0.5222 -0.0534466 0.0218406
0.5233 -0.0122379 0.0018473
0.5244 0.0164272 0.00116872
0.5255 0.0313384 0.00273955
0.5266 0.0531018 -0.00202317
0.5277 0.0517799 0.00756597
0.5288 0.0314088 0.00212027
0.5299 0.018437 -0.00403735
0.531 0.0535917 -0.00494643
0.5321 -0.00289042 0.00805801
0.5332 -0.0337492 0.00489177
0.5343 -0.0170253 -0.00184297
0.5354 0.0145901 -0.0084862
0.5365 0.0219461 0.00410012
0.5376 -0.00301877 -0.0018621
0.5387 0.00251111 -0.0027824
0.5398 0.0252229 -0.00341784
0.5409 0.0546348 -0.00904376
0.542 -0.0455002 0.0223655
0.5431 -0.0726507 0.0189507
0.5442 -0.0365324 0.00586313
0.5453 0.00499379 -0.00126563
0.5464 0.00888084 8.69841e-06
0.5475 -0.00789815 -0.00016916
0.5486 0.0214145 -0.00848425
0.5497 0.0275835 -0.011172
0.5508 0.011832 -0.00218664
0.5519 -0.0191251 0.00672965
0.553 0.0294595 0.00599935
0.5541 0.0627038 -0.0127247
0.5552 0.0290858 0.00570959
0.5563 0.000342759 0.00974281
0.5574 0.0240718 -0.000339423
0.5585 0.0195732 0.0261153
0.5596 0.00967823 0.0083792
0.5607 -0.0012116 0.00427008
0.5618 0.030542 -0.00762918
0.5629 0.0392685 -0.0138151
0.564 -0.00419792 0.00171616
0.5651 -0.0384446 0.00601457
0.5662 -0.0169712 -0.00880756
0.5673 -0.0108862 0.000189831
0.5684 -0.0256398 0.00659861
0.5695 -0.0108988 0.00546453
0.5706 -0.00140867 0.00242593
0.5717 0.0125924 -0.00317778
0.5728 0.00899817 -0.0140203
0.5739 0.00348691 -0.00142245
0.575 -0.0132237 0.00471655
0.5761 0.00432797 -0.0174819
0.5772 0.0108344 -0.0039571
0.5783 0.0218517 -0.0056439
0.5794 0.0161054 -0.00108108
0.5805 0.0419581 -0.00704351
0.5816 0.0438853 -0.0146005
0.5827 0.0331858 -0.0147875
0.5838 0.0120594 0.00624046
0.5849 0.0344904 -0.00757075
0.586 0.0133513 0.00553976
0.5871 -0.00245203 0.00821991
0.5882 0.00960918 0.00489703
0.5893 0.00995103 -0.00230149
0.5904 0.010254 -0.00242473
0.5915 0.0117871 -0.00186286
0.5926 0.00315329 -0.0213446
0.5937 -0.0166034 -0.000267953
0.5948 -0.0119462 0.016366
0.5959 -0.00571551 0.00683506
0.597 -0.010977 0.000258716
0.5981 0.0201462 -0.0272603
0.5992 0.110442 0.00383999
0.6003 -0.0432005 0.0168245
0.6014 -0.101949 -0.00220679
0.6025 -0.136444 0.0502266
0.6036 -0.00500456 0.0236951
0.6047 0.0113433 0.0530126
0.6058 0.130924 0.00661424
0.6069 0.101345 -0.0793884
0.608 0.0787924 -0.0316005
0.6091 0.0997916 -0.0240159
0.6102 0.0486449 -0.0132039
0.6113 -0.00652036 0.00338199
0.6124 0.0496041 -0.0396217
0.6135 0.0832016 -0.0185271
0.6146 0.0839562 0.0229753
0.6157 0.0797514 0.00196286
0.6168 0.052148 -0.00762839
0.6179 0.0146549 -0.00219785
0.619 -0.0141986 0.0254246
0.6201 -0.0745746 0.0449131
0.6212 -0.0377984 0.0257351
0.6223 -0.00916174 0.0369458
0.6234 0.0075882 0.00273928
0.6245 -0.029078 0.012366
0.6256 -0.00875437 0.0028694
0.6267 0.0113667 -0.0253056
0.6278 -0.0156807 0.0134204
0.6289 -0.0504815 0.00454794
0.63 -0.0250422 0.00675382
0.6311 0.00254468 0.00689235
0.6322 0.015995 0.00472491
0.6333 0.0369753 0.0108493
0.6344 0.0345764 0.00624899
0.6355 0.0386343 0.00507879
0.6366 0.0340913 -0.000122804
0.6377 0.0227846 0.00557356
0.6388 0.000743993 -0.000232659
0.6399 0.0285291 -0.0076884
0.641 0.0363392 -0.00608942
0.6421 0.0243777 -0.00723862
0.6432 0.00715439 -0.00146483
0.6443 0.00141961 -0.000937597
0.6454 0.00311483 0.00523199
0.6465 -0.0304028 0.00374316
0.6476 -0.0173527 0.00475055
0.6487 -0.00578396 0.00247425
0.6498 -0.0292227 0.0143053
0.6509 -0.0267244 0.0240455
0.652 -0.0266472 0.0120272
0.6531 -0.0236935 -7.17668e-05
0.6542 -0.0227203 -0.00436769
0.6553 -0.0217525 -0.0164284
0.6564 -0.0155132 -0.019004
0.65745 -0.00611098 -0.024333
0.6585 0.0122845 -0.00509548
0.6596 -0.0255165 -0.00830053
0.6607 0.0370699 -0.00109919
0.6618 0.0332394 -0.000179496
0.6629 0.00136047 -0.00575696
0.664 0.00208877 0.0210675
0.6651 0.000164681 0.0237576
0.6662 0.00874747 0.0063326
0.6673 -0.00117194 -0.00336771
0.6684 0.00778815 -0.00977227
0.6695 0.0157131 0.00672434
0.6706 0.0108903 -0.0046436
0.6717 -0.00601903 -0.0152222
0.6728 -0.00401248 -0.0138752
0.6739 -0.0198124 -0.0064329
0.675 -0.0254762 0.0139766
0.6761 -0.0138895 -0.00314166
0.6772 -0.00831907 -0.00417511
0.6783 -0.0013849 0.000238118
0.6794 -0.00681616 0.00496067
0.6805 0.000391071 0.00580562
0.6816 -0.0142976 -0.00732336
0.6827 -0.00952578 -0.0107564
0.6838 -0.0120646 -0.0046855
0.6849 0.0037475 -0.0119033
0.686 0.0194628 -0.0149019
0.6871 0.0192879 -0.0055921
0.6882 0.0167706 -0.0136281
0.6893 0.00721682 -0.00142071
0.6904 -0.00876422 0.00248943
0.6915 -0.00741776 -0.000876165
0.6926 0.0011557 0.00276488
0.6937 0.0017388 0.00264204
0.6948 0.00372557 0.00275932
0.6959 -0.00569428 -0.00858007
0.697 -0.00569797 -0.00646279
0.6981 -0.00818417 -0.00928509
0.6992 -0.0141513 -0.00969842
0.7003 -0.0163151 -0.0116072
0.7014 -0.000597678 -0.0133167
0.7025 -0.00598794 -0.0113775
0.7036 -0.00514744 -0.00417274
0.7047 -0.00318076 -0.00691947
0.7058 0.0148889 -0.00154726
0.7069 0.0100319 0.0119254
0.708 0.00092825 0.000638207
0.7091 0.00570002 -0.000587514
0.7102 0.0126183 0.00367874
0.7113 0.0024279 -0.0152567
0.7124 -0.00675651 -0.00675946
0.7135 -0.00366575 -0.00720699
0.7146 -0.00663021 -0.00867738
0.7157 0.00878293 -0.00685355
0.7168 0.00519383 -0.0341575
0.7179 0.00302697 -0.00447021
0.719 0.00640126 -0.00553827
0.7201 -0.0136577 -0.000508945
0.7212 -0.00838429 0.0105613
0.7223 -0.00819362 -0.000359691
0.7234 -0.0235673 -0.00840309
0.7245 -0.00760872 0.0109553
0.7256 0.00221208 -0.00761262
0.7267 0.00333007 -0.000294013
0.7278 -0.00283338 -0.0102553
0.7289 -0.00391693 -0.0059035
0.73 0.00282195 -0.00673331
0.7311 -0.00411758 -0.0126366
0.7322 -0.016351 -0.00772135
0.7333 -0.0170403 -0.0120304
0.7344 -0.00434568 -0.00680714
0.7355 0.0109771 -0.0062509
0.7366 0.00835728 0.00170204
0.7377 0.00318149 -0.0126655
0.7388 2.12192e-05 0.00174511
0.7399 0.00704179 0.00115354
0.741 -0.00388563 -0.00156202
0.7421 1.41479e-05 0.000524846
0.7432 -0.0105447 -0.001085
0.7443 0.0356007 -0.0129365
0.7454 0.0155058 -0.00756713
0.7465 -0.00716493 0.00287601
0.7476 -0.0179477 -0.00459479
0.7487 -0.00351096 -0.0076645
0.7498 0.000303599 -2.85006e-05
0.7509 -0.00370632 0.00476192
0.752 0.00493189 0.0010191
0.7531 -0.000564509 0.00548022
0.7542 -0.00849705 0.00385919
0.7553 -0.010633 0.0023163
0.7564 -0.0186432 -0.00201449
0.7575 0.0106772 0.00584057
0.7586 -0.00437143 -0.00139507
0.7597 -0.013999 -0.00696293
0.7608 0.00189927 -0.00705584
0.7619 0.0224966 -0.00836636
0.763 0.0260126 -0.00597979
0.7641 0.0154259 -0.00224167
0.7652 0.00712368 0.00766428
0.7663 0.00634226 0.000404632
0.7674 0.0112442 -0.000220634
0.7685 0.00467285 0.00412849
0.7696 0.00375 0.00143153
0.7707 0.0118457 -0.00318128
0.7718 0.034711 -0.0057552
0.7729 -0.00115789 0.000289058
0.774 -0.0204982 -0.00180445
0.7751 -0.00441455 -0.00723167
0.7762 0.00914206 -0.00284016
0.7773 0.00343797 0.00216302
0.7784 -0.00580305 0.00338567
0.7795 -0.00254018 -0.000475534
0.7806 -0.00759015 0.00140596
0.7817 0.00841883 0.0045769
0.7828 -0.0163041 0.00475136
0.7839 0.0166135 0.000223274
0.785 0.0182391 -0.0023599
0.7861 -0.000250213 0.000856746
0.7872 -0.0108239 0.00306826
0.7883 -0.00452324 -0.00308539
0.7894 0.00688181 -0.0043027
0.7905 0.000322565 -0.00126183
0.7916 0.0132898 -0.00174955
0.7927 0.019527 0.0002952
0.7938 0.00579799 -0.00041136
0.7949 -0.00754813 2.15674e-05
0.796 0.00462691 -0.00198484
0.7971 0.0177712 0.00729717
0.7982 0.00503354 0.0028425
0.7993 -0.00253646 -0.00167353
0.8004 0.00474938 -0.00170482
0.8015 0.00224886 -0.000425941
0.8026 -0.00589596 0.00389084
0.8037 -0.0104811 -0.000656595
0.8048 -0.01302 -0.00337161
0.8059 -0.00630223 -0.00223138
0.807 0.00108499 0.00528644
0.8081 0.00416247 -0.00340544
0.8092 0.000505139 -0.00150425
0.8103 0.00204589 0.00041379
0.8114 -0.00691892 0.00484151
0.8125 -0.00280484 0.00337694
0.8136 0.000292037 -0.00253611
0.8147 0.00316609 -0.000988222
0.8158 0.00620707 -0.00377577
0.8169 -0.00630975 -0.00808225
0.818 -0.0145036 0.0112435
0.8191 -0.0098518 -0.0049006
0.8202 -0.0154204 0.0179544
0.8213 -0.00434538 -0.0109316
0.8224 0.00200281 -0.00660871
0.8235 0.00359501 0.00549085
0.8246 0.0104582 0.00104533
0.8257 0.0112946 -0.00726072
0.8268 0.0045065 0.00121322
0.8279 0.00473862 -0.00479711
0.829 0.0024452 0.00313433
0.8301 -7.43921e-05 0.00367821
0.8312 0.000945158 -0.00246694
0.8323 -0.000697649 0.00137754
0.8334 -0.00512312 0.00261155
0.8345 -0.00691535 0.0023956
0.8356 -0.0107869 0.00155774
0.8367 -0.0124545 -0.00198604
0.8378 -0.0137385 -0.00119198
0.8389 -0.0127623 0.00143122
0.84 -0.0101484 -0.00184199
0.8411 -0.00829898 -0.00440952
0.8422 -0.0136528 -0.00284616
0.8433 -0.0113227 -0.00185855
0.8444 -0.00608313 0.00227387
0.84545 0.000292152 -0.0001301
0.8465 -0.00407448 0.000254535
0.8476 -0.00430939 0.000959556
0.8487 0.00134788 0.00302869
0.8498 0.00113365 0.000492607
0.8509 -0.0028564 -1.12108e-05
0.852 -0.00604913 0.000839919
0.8531 -0.000178145 0.000648996
0.85415 -0.00101702 -0.00216306
0.8552 -0.00298854 -0.000978255
0.8563 -0.00254244 -0.00231266
0.8574 -0.00412446 -0.001495
0.8585 -0.00864312 -0.00127657
0.8596 -0.00901135 -0.000941346
0.8607 -0.00964496 0.000889482
0.8618 -0.00809927 6.20702e-05
0.8629 -0.00882497 0.0011762
0.864 -0.0075124 0.00306636
0.8651 -0.00786445 0.000985822
0.8662 -0.00731428 -0.000290327
0.8673 0.00174384 -0.00560061
0.8684 -0.0107069 0.0051631
0.8695 -0.00293554 -0.00164621
0.8706 -0.000201663 -0.00135145
0.8717 0.00517633 -0.00244266
0.8728 -0.00212115 -7.36867e-06
0.8739 0.00636461 0.00179079
0.875 -0.000880282 0.00123602
0.8761 7.42338e-05 -0.000933456
0.8772 -0.00107904 0.00114211
0.87825 0.00459111 0.00157218
0.8793 0.0025605 0.00162739
0.88035 -0.00167845 3.17969e-05
0.8814 -0.00512218 -0.00302154
0.8825 -0.00906584 0.000852352
0.8836 -0.0046699 -0.00149993
0.8847 0.00472645 0.000500791
0.8858 0.00527859 -0.00109474
0.8869 0.00737088 -0.000388827
0.888 0.00543175 0.00341303
0.8891 -0.00197709 0.000451437
0.8902 -0.0102403 -0.000266031
0.8913 -0.00458992 0.00141786
0.8924 0.00760622 0.00292075
0.8935 0.0110064 0.000573262
0.8946 0.0117114 -0.000251988
0.8957 0.0108928 -0.00455027
0.8968 0.0122743 0.00200082
0.8979 0.00515773 -0.00457243
0.899 0.00996206 -0.000247824
0.9001 0.0058553 -0.00373844
0.9012 0.011476 -0.0014357
0.9023 0.013588 0.00201626
0.9034 0.01059 -0.000717952
0.9045 -0.00230859 -0.00255728
0.9056 0.0117263 0.0049258
0.9067 0.00375155 -0.00180284
0.9078 0.00638944 -0.00246537
0.9089 0.00789265 0.000751124
0.91 0.00892809 -0.000198627
0.9111 0.00963908 -0.00205073
0.9122 0.00459279 0.00238122
0.9133 0.00125421 -0.00189915
0.9144 0.00295388 0.00408727
0.9155 0.00704072 0.00229121
0.9166 0.00494204 -0.00213122
0.9177 0.00829329 0.0022029
0.9188 0.0153127 0.016758
0.9199 0.00830991 -0.00343285
0.921 0.0108438 -0.00154811
0.9221 0.00712451 0.00168847
0.9232 0.000846836 -0.00176389
0.9243 0.0014469 -0.012762
0.9254 0.00796644 -0.00575687
0.9265 0.00789825 -0.000701166
0.9276 0.00103671 0.000681726
0.9287 0.00543533 -0.000362949
0.9298 0.00791027 0.00172928
0.9309 0.0013813 0.000377733
0.932 0.000159024 0.000537297
0.9331 0.00230894 0.00172922
0.9342 0.00244305 -0.00585966
0.9353 -0.000614901 -0.000371187
0.9364 0.00112742 -0.000190253
0.9375 0.00256752 -0.00221319
0.9386 0.00162759 -4.7999e-05
0.9397 -0.00243517 -0.000571583
0.9408 -0.00224084 -0.000494149
0.9419 0.00184063 0.00124555
0.943 0.00359596 -0.000285695
0.9441 -0.000865202 0.000965373
0.9452 -0.000275813 -2.08037e-05
0.9463 0.00120627 -0.00028667
0.9474 0.000470943 -0.000609292
0.9485 -0.00084587 -0.00130115
0.9496 -0.00133246 -0.00137171
0.9507 -0.00188264 -0.0012298
0.9518 -0.00175072 -0.00230795
0.9529 -0.00228651 0.00107878
0.954 -0.00388948 0.000795249
0.9551 -0.00413809 -0.000866466
0.9562 -0.00631399 0.000991042
0.9573 -0.00760273 0.00139478
0.9584 -0.0051522 -0.000750932
0.9595 -0.00590713 0.00360086
0.9606 -0.00317545 0.00267037
0.9617 -0.00432909 0.000307686
0.9628 -0.0032992 -0.000380235
0.9639 -0.00421708 0.000373109
0.965 -0.00538658 -7.43915e-05
0.9661 -0.00437713 -0.000427373
0.9672 -0.00346574 0.000641535
0.9683 -0.00268082 0.000657189
0.9694 -0.00483041 0.00222344
0.9705 -0.00136324 -0.000828784
0.9716 -0.00712302 0.00175004
0.9727 -0.00977308 0.0014291
0.9738 -0.00623322 0.00161037
0.9749 -0.00391533 0.00229381
0.976 -0.00435939 0.000671473
0.9771 -0.00904369 0.000593154
0.9782 -0.00581851 0.00189824
0.97925 -0.00259028 0.00334256
0.9803 -0.00490136 -0.000503323
0.9814 -0.00836515 -0.000708096
0.9825 -0.00691145 -0.000193883
0.9836 -0.00630987 -0.000989663
0.9847 -0.0101452 0.00263295
0.9858 -0.012708 -0.000426341
0.9869 -0.00327322 0.00266081
0.988 -0.00133496 0.00317716
0.9891 -0.00655087 0.00145865
0.9902 -0.00687417 0.000754001
0.9913 -0.0040815 0.00354652
0.9924 -0.00612409 -0.00103108
0.9935 -0.00434805 -0.00048142
0.9946 -0.00605451 -0.000480685
0.9957 -0.00123977 0.000864319
0.9968 -0.00273389 0.000447368
0.9979 -0.00184209 -0.000591134
0.999 -0.0066818 -0.000529341
1.0001 -0.0102928 0.00140766
