0 0
0.001 0
0.002 0
0.0031 0
0.0042 0
0.0052 0
0.0062 0
0.0072 0
0.0082 0
0.0093 0
0.0104 0
0.0115 0
0.0126 0
0.0137 0
0.0148 0
0.0159 0
0.017 0
0.0181 0
0.0192 0
0.0203 0
0.0214 0
0.0225 0
0.0236 0
0.0247 0
0.0258 0
0.0269 0
0.028 0
0.0291 0
0.0302 0
0.0313 0
0.0323 0
0.0333 0
0.0343 0
0.0353 0
0.0363 0
0.0373 0
0.0383 0
0.0393 0
0.0403 0
0.0413 0
0.0423 0
0.0433 0
0.0443 0
0.0453 0
0.0463 0
0.0473 0
0.0483 0
0.0493 0
0.0503 0
0.0513 0
0.0523 0
0.0533 0
0.0543 0
0.0553 0
0.0563 0
0.0573 0
0.0583 0
0.0593 0
0.0603 0
0.0613 0
0.0623 0
0.0633 0
0.0643 0
0.0653 0
0.0663 0
0.0673 0
0.0683 0
0.0693 0
0.0703 0
0.0713 0
0.0723 0
0.0733 0
0.0743 0
0.0753 0
0.0763 0
0.0773 0
0.0783 0
0.0793 0
0.0803 0
0.0813 0
0.0823 0
0.0833 0
0.0843 0
0.0853 0
0.0863 0
0.0873 0
0.0883 0
0.0893 0
0.0903 0
0.0913 0
0.0923 0
0.0933 0
0.0943 0
0.0953 0
0.0963 0
0.0973 0
0.0983 0
0.0993 0
0.1003 0
0.1013 0
0.1023 0
0.1033 0
0.1043 0
0.1053 0
0.1063 0
0.1073 0
0.1083 0
0.1093 0
0.1103 0
0.1113 0
0.1123 0
0.1133 0
0.1143 0
0.1153 0
0.1163 0
0.1173 0
0.1183 0
0.1193 0
0.1203 0
0.1213 0
0.1223 0
0.1233 0
0.1243 -8.85125e-10
0.1253 -9.47776e-08
0.1264 5.1554e-07
0.1275 1.19504e-05
0.1286 -5.45242e-06
0.1297 -2.18883e-05
0.1308 -3.13958e-05
0.1319 -3.42311e-05
0.133 -5.79964e-05
0.1341 -7.37239e-05
0.1352 -3.20671e-05
0.1363 -6.0622e-05
0.1374 -9.74059e-05
0.1385 -0.000164333
0.1396 -0.000169883
0.1407 -0.000137341
0.1418 -0.000303058
0.1429 -0.000515176
0.144 -0.000631996
0.1451 -0.00059743
0.1462 -0.000413978
0.1473 -0.000234875
0.1484 -5.17814e-06
0.1495 0.000286621
0.1506 0.000620817
0.1517 0.000901026
0.1528 0.00117709
0.1539 0.00148075
0.155 0.00183397
0.1561 0.00225086
0.1572 0.00270847
0.1583 0.00321998
0.1594 0.00379089
0.1605 0.00448494
0.1616 0.00526082
0.1627 0.00594303
0.1638 0.00656702
0.1649 0.00719976
0.166 0.00793057
0.1671 0.00879869
0.1682 0.00972723
0.1693 0.0105907
0.1704 0.0114385
0.1715 0.0123968
0.1726 0.0134674
0.1737 0.0145576
0.1748 0.0155583
0.1759 0.0165112
0.177 0.0174798
0.1781 0.0184962
0.1792 0.0195336
0.1803 0.0205276
0.1814 0.0214559
0.1825 0.0223446
0.1836 0.0232949
0.1847 0.024253
0.1858 0.0251152
0.1869 0.0259122
0.188 0.026677
0.1891 0.0274264
0.1902 0.0281616
0.1913 0.0288994
0.1924 0.0296205
0.1935 0.0302449
0.1946 0.0308479
0.1957 0.0314555
0.1968 0.0320222
0.1979 0.0325666
0.199 0.0330961
0.2001 0.0335666
0.2012 0.033996
0.2023 0.0344401
0.2034 0.0348581
0.2045 0.0352985
0.2056 0.0357467
0.2067 0.0361972
0.2078 0.0366672
0.2089 0.0371322
0.21 0.037574
0.2111 0.0379759
0.2122 0.0383709
0.2133 0.0387876
0.2144 0.0391943
0.2155 0.0395072
0.2166 0.039752
0.2177 0.0399725
0.2188 0.040177
0.2199 0.0404104
0.221 0.0406837
0.2221 0.0409012
0.2232 0.0410676
0.2243 0.041226
0.2254 0.0413672
0.2265 0.0414564
0.2276 0.0414807
0.2287 0.041475
0.2298 0.0414613
0.2309 0.0414852
0.232 0.0415482
0.2331 0.0415805
0.2342 0.0415745
0.2353 0.0415351
0.2364 0.0414943
0.2375 0.0414857
0.2386 0.0414904
0.2397 0.0414799
0.2408 0.0414303
0.2419 0.0413923
0.243 0.0413806
0.2441 0.0413712
0.2452 0.0413572
0.2463 0.0413284
0.2474 0.0412426
0.2485 0.0411286
0.2496 0.0410242
0.2507 0.0409366
0.2518 0.0408431
0.2529 0.0407572
0.254 0.0406728
0.2551 0.0405808
0.2562 0.0404942
0.2573 0.0403849
0.2584 0.0402472
0.2595 0.040055
0.2606 0.039818
0.2617 0.0395733
0.2628 0.0393178
0.2639 0.0390272
0.265 0.0387551
0.2661 0.0385458
0.2672 0.038398
0.2683 0.0382409
0.2694 0.0380489
0.2705 0.0378284
0.2716 0.0376059
0.2727 0.0373822
0.2738 0.0371564
0.2749 0.0369325
0.276 0.0366711
0.2771 0.0363722
0.2782 0.0360925
0.2793 0.0358532
0.2804 0.0356187
0.2815 0.0353666
0.2826 0.035087
0.2837 0.0347776
0.2848 0.0344869
0.2859 0.034288
0.287 0.034078
0.2881 0.033824
0.2892 0.0335465
0.2903 0.0332811
0.2914 0.0330452
0.2925 0.0328237
0.2936 0.0325993
0.2947 0.0323682
0.2958 0.0321234
0.2969 0.0318742
0.298 0.0316344
0.2991 0.0313978
0.3002 0.0311492
0.3013 0.0308552
0.3024 0.0305408
0.3035 0.0302285
0.3046 0.0299389
0.3057 0.0296838
0.3068 0.0294237
0.3079 0.0291721
0.309 0.0288995
0.3101 0.0285818
0.3112 0.0282614
0.3123 0.0279436
0.3134 0.0275884
0.3145 0.0271908
0.3156 0.0268033
0.3167 0.0264805
0.3178 0.0262104
0.3189 0.0260082
0.32 0.025846
0.3211 0.0256782
0.3222 0.025498
0.3233 0.0253305
0.3244 0.0251533
0.3255 0.0249671
0.3266 0.0247723
0.3277 0.0245731
0.3288 0.0244014
0.3299 0.0243001
0.331 0.0242197
0.3321 0.0241371
0.3332 0.0240549
0.3343 0.0239621
0.3354 0.0238528
0.3365 0.0237185
0.3376 0.0235565
0.3387 0.0233791
0.3398 0.0231927
0.3409 0.0229933
0.342 0.022798
0.3431 0.0226319
0.3442 0.022475
0.3453 0.0223307
0.3464 0.0221616
0.3475 0.0219525
0.3486 0.0217164
0.3497 0.0214536
0.3508 0.0211955
0.3519 0.0209735
0.35295 0.0207836
0.354 0.020623
0.3551 0.0205064
0.3562 0.0204047
0.3573 0.0202833
0.3584 0.0201293
0.3595 0.0199557
0.3606 0.019775
0.3617 0.0195998
0.3628 0.0194352
0.3639 0.0192927
0.365 0.0192086
0.3661 0.0191604
0.3672 0.0191315
0.3683 0.0191132
0.3694 0.019084
0.3705 0.01903
0.3716 0.0189432
0.3727 0.0188213
0.3738 0.0187076
0.3749 0.0185883
0.376 0.0184897
0.3771 0.0184084
0.3782 0.0183499
0.3793 0.0183053
0.3804 0.0182666
0.3815 0.0181835
0.3826 0.0180236
0.3837 0.0178149
0.3848 0.0176044
0.3859 0.0174196
0.387 0.0172582
0.3881 0.0171071
0.3892 0.0169779
0.3903 0.0168899
0.3914 0.0168423
0.3925 0.0168019
0.3936 0.0167325
0.3947 0.0166168
0.3958 0.0164672
0.3969 0.0163117
0.398 0.0161879
0.3991 0.0160981
0.4002 0.0160677
0.4013 0.0160568
0.4024 0.016059
0.4035 0.0160804
0.4046 0.0160996
0.4057 0.0161109
0.4068 0.0160917
0.4079 0.0160526
0.409 0.0159918
0.4101 0.0159211
0.4112 0.0158625
0.4123 0.0158079
0.4134 0.0157638
0.4145 0.0157393
0.4156 0.0157191
0.4167 0.0156831
0.4178 0.0156041
0.4189 0.0154988
0.42 0.0153785
0.4211 0.0152494
0.4222 0.0151351
0.4233 0.0150596
0.4244 0.0149815
0.4255 0.014922
0.4266 0.0148835
0.4277 0.0148403
0.4288 0.0147806
0.4299 0.0147243
0.431 0.0146813
0.4321 0.0146499
0.4332 0.0146208
0.4343 0.0145997
0.4354 0.0145795
0.4365 0.0145818
0.4376 0.0146169
0.4387 0.0146735
0.4398 0.0147324
0.4409 0.0147845
0.442 0.0148152
0.4431 0.0148248
0.4442 0.0148258
0.4453 0.0148181
0.4464 0.0148084
0.4475 0.0147828
0.4486 0.0147532
0.4497 0.0147324
0.4508 0.0147174
0.4519 0.0147021
0.453 0.0146706
0.4541 0.0146143
0.4552 0.0145464
0.4563 0.014484
0.4574 0.0144268
0.4585 0.0143718
0.4596 0.0143027
0.4607 0.0142241
0.4618 0.0141493
0.4629 0.0140875
0.464 0.0140343
0.4651 0.0140276
0.4662 0.0140277
0.4673 0.0140137
0.4684 0.0139982
0.4695 0.0139903
0.4706 0.0139906
0.4717 0.0140052
0.4728 0.0140269
0.4739 0.0140512
0.475 0.0140751
0.4761 0.0140886
0.4772 0.0141352
0.4783 0.0141875
0.4794 0.0142105
0.4805 0.0142199
0.4816 0.0141983
0.4827 0.0141492
0.4838 0.0141179
0.4849 0.014098
0.486 0.0140865
0.4871 0.0140477
0.4882 0.0139946
0.4893 0.0139271
0.4904 0.0138812
0.4915 0.0138326
0.4926 0.0137681
0.4937 0.0136936
0.4948 0.0136163
0.4959 0.0135475
0.497 0.0134943
0.4981 0.013449
0.4992 0.0134101
0.5003 0.013378
0.5014 0.0133508
0.5025 0.0133551
0.5036 0.0133579
0.5047 0.0133582
0.5058 0.0133668
0.5069 0.0133897
0.508 0.0134268
0.5091 0.0134756
0.5102 0.0135404
0.5113 0.0136038
0.5124 0.0136647
0.5135 0.0137253
0.5146 0.0137881
0.5157 0.0138365
0.5168 0.0138668
0.5179 0.0138937
0.519 0.0139151
0.5201 0.0139373
0.5212 0.0139736
0.5223 0.0139993
0.5234 0.0139989
0.5245 0.0139764
0.5256 0.0139435
0.5267 0.0139117
0.5278 0.0138647
0.5289 0.0138012
0.53 0.0137336
0.5311 0.0136725
0.5322 0.0136336
0.5333 0.0136064
0.5344 0.0135911
0.5355 0.0135922
0.5366 0.0136056
0.5377 0.013625
0.5388 0.0135889
0.5399 0.0135631
0.541 0.0135949
0.5421 0.0136847
0.5432 0.0137894
0.5443 0.0138901
0.5454 0.0139906
0.5465 0.014083
0.5476 0.0141599
0.5487 0.0142202
0.5498 0.0142569
0.5509 0.0142895
0.552 0.0143428
0.5531 0.0144235
0.5542 0.0144953
0.5553 0.014546
0.5564 0.0145707
0.5575 0.0145717
0.5586 0.01458
0.55965 0.0145749
0.5607 0.0145587
0.5618 0.0145223
0.5629 0.0144701
0.564 0.0144318
0.5651 0.0144253
0.5662 0.0144273
0.5673 0.0144299
0.5684 0.0144364
0.5695 0.0144509
0.5706 0.0144694
0.5717 0.0144893
0.5728 0.0145157
0.5739 0.0145454
0.575 0.0145887
0.5761 0.0146495
0.5772 0.0147316
0.5783 0.0148274
0.5794 0.0149223
0.5805 0.0150191
0.5816 0.0151231
0.5827 0.0151966
0.5838 0.0152695
0.5849 0.0153523
0.586 0.0154428
0.5871 0.0155466
0.5882 0.0156556
0.5893 0.0157414
0.5904 0.0158058
0.5915 0.0158692
0.5926 0.0159116
0.5937 0.0159324
0.5948 0.0159555
0.5959 0.0159809
0.597 0.0160123
0.5981 0.0160514
0.59915 0.0160669
0.6002 0.0160587
0.6013 0.0160416
0.6024 0.0160151
0.6035 0.0160072
0.6046 0.016028
0.6057 0.0160426
0.6068 0.0160448
0.6079 0.0160312
0.609 0.0159984
0.6101 0.0159285
0.6112 0.015823
0.6123 0.0156837
0.6134 0.015534
0.6145 0.01539
0.6156 0.0152563
0.6167 0.0150934
0.61775 0.0149329
0.6188 0.014788
0.6199 0.0146487
0.621 0.0144943
0.6221 0.0144067
0.6232 0.0143654
0.6243 0.0143439
0.6254 0.0143132
0.6265 0.0142662
0.6276 0.0141823
0.62865 0.0141052
0.629675 0.0140056
0.6307 0.0138948
0.6318 0.013791
0.6329 0.0137019
0.634 0.013622
0.6351 0.0135289
0.6362 0.0133919
0.6373 0.013147
0.6384 0.0128304
0.6395 0.0124757
0.6406 0.0121103
0.6417 0.0116987
0.6428 0.0112833
0.6439 0.0108782
0.645 0.0104775
0.6461 0.0100713
0.6472 0.00964023
0.6483 0.00918597
0.6494 0.00873307
0.6505 0.00829627
0.6516 0.00787829
0.6527 0.0074873
0.6538 0.00713279
0.6549 0.00682145
0.656 0.00655367
0.6571 0.00632809
0.6582 0.00612984
0.6593 0.0059354
0.6604 0.00574387
0.6615 0.00554219
0.6626 0.00533773
0.6637 0.00513527
0.6648 0.00493475
0.6659 0.00473792
0.667 0.00454283
0.6681 0.00433718
0.6692 0.00411838
0.6703 0.00388877
0.6714 0.00364323
0.6725 0.00337866
0.6736 0.00309881
0.6747 0.0028074
0.6758 0.00250918
0.6769 0.00221334
0.678 0.00192889
0.6791 0.00164982
0.6802 0.00137678
0.6813 0.00111041
0.6824 0.000856706
0.6835 0.00062067
0.6846 0.000394094
0.6857 0.000177391
0.6868 -2.97117e-05
0.6879 -0.000218771
0.689 -0.000381013
0.6901 -0.000526392
0.6912 -0.000656452
0.6923 -0.00077756
0.6934 -0.000893642
0.6945 -0.000997101
0.6956 -0.00108865
0.6967 -0.00117331
0.6978 -0.00125177
0.6989 -0.00131672
0.7 -0.00137007
0.7011 -0.00143064
0.7022 -0.00150372
0.7033 -0.00158421
0.7044 -0.00166241
0.7055 -0.00173437
0.7066 -0.00180041
0.7077 -0.00186283
0.7088 -0.00192174
0.7099 -0.00197507
0.711 -0.00202105
0.7121 -0.00206522
0.7132 -0.00210751
0.7143 -0.00214146
0.7154 -0.00216594
0.7165 -0.00217955
0.7176 -0.00217159
0.7187 -0.00214199
0.7198 -0.00209679
0.7209 -0.00203187
0.722 -0.00194545
0.7231 -0.00184183
0.7242 -0.00172761
0.7253 -0.00161243
0.7264 -0.00148823
0.7275 -0.00135576
0.7286 -0.00121341
0.7297 -0.00106221
0.7308 -0.000897947
0.7319 -0.000720183
0.733 -0.000533747
0.7341 -0.000353384
0.7352 -0.000187055
0.7363 -2.96127e-05
0.7374 0.000123734
0.7385 0.000272722
0.7396 0.000424239
0.7407 0.000585126
0.7418 0.000751327
0.7429 0.000927751
0.744 0.00111528
0.7451 0.00131034
0.7462 0.00150402
0.7473 0.00169174
0.7484 0.00187368
0.7495 0.00205024
0.7506 0.00222664
0.7517 0.0024083
0.7528 0.00259863
0.7539 0.00280619
0.755 0.00302891
0.7561 0.00325454
0.757125 0.0034662
0.7582 0.00368533
0.7593 0.00390755
0.760325 0.00411363
0.7614 0.0043144
0.7625 0.0045163
0.76355 0.00470862
0.7646 0.00489913
0.76565 0.00509203
0.7667 0.00529191
0.7678 0.00549797
0.7689 0.0056942
0.77 0.00588587
0.7711 0.00607708
0.7722 0.00626635
0.77325 0.00644727
0.7743 0.00662356
0.7754 0.00679968
0.7765 0.00698357
0.7776 0.00716476
0.7787 0.00734185
0.7798 0.00751334
0.7809 0.00767501
0.782 0.00783149
0.7831 0.00799037
0.7842 0.00813848
0.7853 0.00826941
0.7864 0.00839501
0.7875 0.00851622
0.7886 0.00863925
0.7897 0.00877372
0.79075 0.00889321
0.7918 0.00899888
0.7929 0.00909588
0.794 0.00917382
0.7951 0.00923897
0.7962 0.0092989
0.7973 0.00935108
0.7984 0.00940125
0.79945 0.00944396
0.8005 0.00947729
0.8016 0.00949998
0.8027 0.00951912
0.8038 0.0095169
0.8049 0.00949397
0.806 0.00945653
0.8071 0.00941359
0.8082 0.0093693
0.8093 0.00931891
0.8104 0.00925854
0.8115 0.009195
0.8126 0.00913782
0.8137 0.00907373
0.8148 0.00899137
0.8159 0.00888762
0.817 0.00876502
0.8181 0.00863499
0.8192 0.00850818
0.8203 0.00838011
0.8214 0.00824351
0.8225 0.00809592
0.8236 0.00793781
0.8247 0.00776534
0.8258 0.00757042
0.8269 0.00735088
0.828 0.00711139
0.8291 0.00686306
0.8302 0.00661176
0.8313 0.00635412
0.8324 0.00609005
0.8335 0.00583283
0.8346 0.0055798
0.8357 0.00532088
0.8368 0.00505076
0.8379 0.00477478
0.839 0.00449628
0.8401 0.00422582
0.8412 0.00395948
0.8423 0.0036936
0.8434 0.00343343
0.8445 0.0031766
0.8456 0.00291085
0.8467 0.00264104
0.8478 0.00237007
0.8489 0.00209861
0.85 0.00183297
0.8511 0.00157195
0.8522 0.00131635
0.8533 0.001066
0.8544 0.000816859
0.8555 0.00056083
0.8566 0.000299943
0.8577 4.55352e-05
0.8588 -0.000204498
0.8599 -0.000452815
0.861 -0.000693485
0.862012 -0.000903887
0.8631 -0.00112099
0.8642 -0.00133001
0.8653 -0.0015337
0.8664 -0.00173702
0.8675 -0.0019331
0.8686 -0.00212214
0.8697 -0.00229893
0.8708 -0.00245957
0.8719 -0.00260611
0.873 -0.0027406
0.8741 -0.00286501
0.8752 -0.00298219
0.876225 -0.00309382
0.8773 -0.00321403
0.8784 -0.00334112
0.8795 -0.00347159
0.8806 -0.00359427
0.8817 -0.00369988
0.8828 -0.00378143
0.8839 -0.00383933
0.885 -0.00388312
0.8861 -0.00391691
0.8872 -0.00394491
0.8883 -0.0039705
0.889325 -0.0039939
0.8904 -0.00401538
0.8915 -0.00402727
0.8926 -0.00402519
0.8937 -0.00400746
0.8948 -0.0039728
0.8959 -0.00391982
0.897 -0.00385406
0.8981 -0.00378078
0.8992 -0.00370857
0.9003 -0.00363992
0.9014 -0.00357008
0.9025 -0.00349223
0.9036 -0.00340418
0.9047 -0.00330476
0.9058 -0.00319491
0.9069 -0.00307839
0.908 -0.00295543
0.9091 -0.00282903
0.9102 -0.002703
0.9113 -0.00257826
0.9124 -0.00245377
0.9135 -0.00232508
0.9146 -0.0021882
0.9157 -0.00204242
0.9168 -0.00188791
0.9179 -0.00172556
0.919 -0.00156024
0.9201 -0.00139359
0.9212 -0.00122326
0.9223 -0.00104784
0.9234 -0.000864697
0.9245 -0.000669726
0.9256 -0.000468192
0.9267 -0.000259188
0.9278 -4.03674e-05
0.9289 0.000179583
0.93 0.000395541
0.9311 0.000604988
0.9322 0.000807235
0.9333 0.00100451
0.9344 0.0012002
0.9355 0.00139705
0.9366 0.00159876
0.9377 0.00180283
0.9388 0.00200897
0.9399 0.00221094
0.941 0.00240715
0.9421 0.00259725
0.9432 0.00278007
0.9443 0.00295344
0.9454 0.00312037
0.9465 0.00328542
0.9476 0.00344878
0.9487 0.00360851
0.9498 0.00376164
0.9509 0.0039053
0.952 0.00403964
0.95305 0.00415745
0.9541 0.00426404
0.9552 0.00436584
0.9563 0.00446037
0.9574 0.00454842
0.9585 0.00463231
0.9596 0.00470939
0.9607 0.00478042
0.9618 0.00484679
0.9629 0.00490562
0.964 0.0049572
0.9651 0.0050084
0.9662 0.00505699
0.9673 0.00510023
0.9684 0.00513621
0.9695 0.00516013
0.9706 0.00516777
0.9717 0.00515898
0.9728 0.00513496
0.9739 0.0050948
0.975 0.00504258
0.9761 0.00498147
0.9772 0.00490893
0.9783 0.00482257
0.9794 0.00472069
0.9805 0.0045993
0.9816 0.00446174
0.9827 0.00431154
0.9838 0.00415103
0.9849 0.00398805
0.986 0.0038262
0.9871 0.0036651
0.9882 0.00350228
0.9893 0.00333949
0.9904 0.00317688
0.9915 0.00301257
0.9926 0.00284466
0.9937 0.00267236
0.9948 0.00249896
0.9959 0.00232559
0.997 0.00215332
0.9981 0.00198017
0.9992 0.00180329
