0 0 0
0.001 0 0
0.002 0 0
0.0031 0 0
0.0042 0 0
0.0052 0 0
0.0062 0 0
0.0072 0 0
0.0082 0 0
0.0093 0 0
0.0104 0 0
0.0115 0 0
0.0126 0 0
0.0137 0 0
0.0148 0 0
0.0159 0 0
0.017 0 0
0.0181 0 0
0.0192 0 0
0.0203 0 0
0.0214 0 0
0.0225 0 0
0.0236 0 0
0.0247 0 0
0.0258 0 0
0.0269 0 0
0.028 0 0
0.0291 0 0
0.0302 0 0
0.0313 0 0
0.0323 0 0
0.0333 0 0
0.0343 0 0
0.0353 0 0
0.0363 0 0
0.0373 0 0
0.0383 0 0
0.0393 0 0
0.0403 0 0
0.0413 0 0
0.0423 0 0
0.0433 0 0
0.0443 0 0
0.0453 0 0
0.0463 0 0
0.0473 0 0
0.0483 0 0
0.0493 0 0
0.0503 0 0
0.0513 0 0
0.0523 0 0
0.0533 0 0
0.0543 0 0
0.0553 0 0
0.0563 0 0
0.0573 0 0
0.0583 0 0
0.0593 0 0
0.0603 0 0
0.0613 0 0
0.0623 0 0
0.0633 0 0
0.0643 0 0
0.0653 0 0
0.0663 0 0
0.0673 0 0
0.0683 0 0
0.0693 0 0
0.0703 0 0
0.0713 0 0
0.0723 0 0
0.0733 0 0
0.0743 0 0
0.0753 0 0
0.0763 0 0
0.0773 0 0
0.0783 0 0
0.0793 0 0
0.0803 0 0
0.0813 0 0
0.0823 0 0
0.0833 0 0
0.0843 0 0
0.0853 0 0
0.0863 0 0
0.0873 0 0
0.0883 0 0
0.0893 0 0
0.0903 0 0
0.0913 0 0
0.0923 0 0
0.0933 0 0
0.0943 0 0
0.0953 0 0
0.0963 0 0
0.0973 0 0
0.0983 0 0
0.0993 0 0
0.1003 0 0
0.1013 0 0
0.1023 0 0
0.1033 0 0
0.1043 0 0
0.1053 0 0
0.1063 0 0
0.1073 0 0
0.1083 0 0
0.1093 0 0
0.1103 0 0
0.1113 0 0
0.1123 0 0
0.1133 0 0
0.1143 0 0
0.1153 0 0
0.1163 0 0
0.1173 0 0
0.1183 0 0
0.1193 0 0
0.1203 0 0
0.1213 0 0
0.1223 0 0
0.1233 0 0
0.1243 3.65973e-07 -2.94336e-08
0.1253 0.00580757 -0.000314751
0.1264 -0.0344723 -0.0164415
0.1275 0.0350922 0.00852838
0.1286 -0.00288914 0.0182299
0.1297 -0.00350313 -0.012764
0.1308 -0.0176017 0.00220464
0.1319 0.0222842 0.000900969
0.133 0.00139324 0.011164
0.1341 -0.100007 -0.0102778
0.1352 0.117715 -0.00980705
0.1363 -0.0235591 0.0139503
0.1374 0.0453471 -0.00399509
0.1385 -0.035477 0.00451876
0.1396 -0.110843 -0.0339858
0.1407 0.207501 0.0106419
0.1418 0.0545603 0.0489869
0.1429 -0.0883627 -0.00495971
0.144 -0.115137 -0.00015679
0.1451 -0.15892 -0.0242649
0.1462 0.0529648 -0.000521547
0.1473 -0.0730164 -0.00235391
0.1484 -0.00569664 0.00531337
0.1495 0.223882 -0.0256756
0.1506 0.0610735 0.00777955
0.1517 0.0419727 0.0107732
0.1528 -0.0495246 -0.0478051
0.1539 -0.0270867 -0.0147986
0.155 -0.0682949 -0.0129292
0.1561 -0.0352721 -0.00647206
0.1572 -0.0586145 0.0868551
0.1583 -0.0776131 0.00382534
0.1594 -0.141545 -0.0164048
0.1605 -0.184734 -0.0563325
0.1616 0.105971 -0.0111865
0.1627 0.077049 0.0498802
0.1638 -0.000406002 0.00434923
0.1649 -0.0730877 -0.00965114
0.166 -0.15265 -0.00166163
0.1671 -0.0845983 0.000283265
0.1682 0.0447041 0.00699314
0.1693 0.0350511 0.0157315
0.1704 -0.112481 0.00775064
0.1715 -0.123208 -0.00662085
0.1726 -0.0911348 -0.0249415
0.1737 0.117186 -0.0849784
0.1748 0.0416679 0.0236547
0.1759 -0.00525081 0.0285867
0.177 -0.0647365 0.0506479
0.1781 -0.00858423 0.0196419
0.1792 0.0411902 0.0102291
0.1803 0.065688 0.0255256
0.1814 0.0462415 0.0143468
0.1825 -0.0814538 0.0485369
0.1836 -0.053518 -0.00726304
0.1847 0.0928219 -0.0298034
0.1858 0.0462653 -0.0155977
0.1869 0.0260742 -0.00658022
0.188 0.0141347 -0.00121973
0.1891 0.020157 -0.0169894
0.1902 0.00729595 -0.00722334
0.1913 -0.0171374 0.00579786
0.1924 0.119314 -0.0350689
0.1935 0.0295301 0.0215316
0.1946 -0.0310741 -0.00995821
0.1957 0.0525299 -0.0168327
0.1968 0.0331313 0.0213447
0.1979 0.0141481 0.0133353
0.199 0.0543385 -0.0324939
0.2001 0.0487781 -0.029042
0.2012 0.00304875 0.0336064
0.2023 0.0385022 -0.0431705
0.2034 -0.0298881 0.062862
0.2045 -0.0191948 -0.0288213
0.2056 0.0330415 -0.00153307
0.2067 0.0105285 0.0338327
0.2078 0.0235271 0.00710521
0.2089 0.0509463 0.0124342
0.21 0.0531666 -0.00936797
0.2111 0.00446418 0.0101366
0.2122 -0.0290194 0.0423159
0.2133 0.00363539 -0.0258678
0.2144 0.0932158 -0.0852203
0.2155 0.0786777 -0.0327229
0.2166 0.0129691 -0.0280542
0.2177 0.0109317 0.00601914
0.2188 -0.0064476 0.0596884
0.2199 -0.0563737 0.0335253
0.221 0.0587591 -0.0515639
0.2221 0.0715818 -0.0283769
0.2232 -0.00226069 -0.00969422
0.2243 0.0310235 -0.0571392
0.2254 0.0267756 -0.0673966
0.2265 0.0886126 -0.0651476
0.2276 0.0497077 -0.00403754
0.2287 0.005192 -0.0124733
0.2298 0.00281994 0.0625098
0.2309 -0.0466163 0.0191031
0.232 0.0213728 -0.0175108
0.2331 0.0319422 -0.0076535
0.2342 0.0186117 -0.0236735
0.2353 0.0510255 -0.0573746
0.2364 0.0360534 0.0138493
0.2375 0.0621901 0.0754592
0.2386 0.0225356 -0.0185725
0.2397 0.0262333 -0.0198826
0.2408 0.00872479 0.0776053
0.2419 -0.0167829 0.0396006
0.243 0.0232719 0.0241749
0.2441 0.0231208 0.0432638
0.2452 0.0143472 0.0109777
0.2463 0.0641014 -0.0679291
0.2474 0.0305572 -0.0457356
0.2485 0.0103624 -0.0406887
0.2496 0.000570572 -0.0105888
0.2507 -0.00623594 -0.0162978
0.2518 -0.0154051 0.00659752
0.2529 -0.0235282 0.0305007
0.254 0.016288 -0.00294505
0.2551 -0.017933 0.0219681
0.2562 0.0387294 -0.00245044
0.2573 0.0431751 -0.0125165
0.2584 0.079869 -0.0408473
0.2595 0.0906279 -0.00453446
0.2606 0.0522784 -0.0238575
0.2617 0.0542558 -0.0140888
0.2628 0.0381924 -0.0253012
0.2639 0.0166843 -0.0048323
0.265 -0.0392956 0.119067
0.2661 -0.0575994 0.0361945
0.2672 0.00163023 -0.0203401
0.2683 0.0429381 -0.0300844
0.2694 0.0282524 -0.0191024
0.2705 0.00255257 0.00798045
0.2716 0.00280978 -0.030302
0.2727 0.00983481 -0.0175778
0.2738 -0.0133222 0.0298903
0.2749 0.0415266 -0.00649757
0.276 0.124467 0.0543154
0.2771 0.00328658 0.0378133
0.2782 -0.0382248 0.0698453
0.2793 -0.0166553 0.00993089
0.2804 0.0265288 -0.0287194
0.2815 0.0150743 -0.00158801
0.2826 0.053511 0.0153658
0.2837 0.0305882 0.0412141
0.2848 0.0201534 0.238948
0.2859 0.041764 -0.0178021
0.287 0.0422117 0.0177985
0.2881 0.0477855 -0.0156798
0.2892 0.0113 0.0318831
0.2903 -0.0208028 0.0190279
0.2914 -0.00861806 0.0106997
0.2925 0.0074476 0.010701
0.2936 0.0278649 0.0169443
0.2947 0.00977492 0.0257941
0.2958 0.028576 -0.00530417
0.2969 -0.00474301 0.00678382
0.298 -0.0125079 -0.018885
0.2991 0.0157928 -0.026512
0.3002 0.0401638 -0.0243852
0.3013 0.0504586 -0.0309829
0.3024 0.0165305 0.00144081
0.3035 -0.0164654 0.0140274
0.3046 -0.0183277 0.0436701
0.3057 0.0153964 0.0129707
0.3068 0.0149146 0.0104842
0.3079 0.0171288 0.0188653
0.309 0.0783337 -0.0269709
0.3101 0.0384467 0.00234585
0.3112 -0.0114984 0.00780103
0.3123 0.068143 -0.036992
0.3134 0.0582244 -0.0187208
0.3145 0.00971104 0.00297086
0.3156 -0.0572902 0.0393741
0.3167 -0.0337042 0.0318076
0.3178 -0.0798428 0.0321241
0.3189 -0.0603109 0.0153737
0.32 0.0128031 0.0111339
0.3211 0.0218775 -0.00385386
0.3222 0.00996076 0.0308299
0.3233 0.0640047 0.0291746
0.3244 0.0069844 0.00640383
0.3255 -0.000599387 0.0201865
0.3266 0.0246842 0.0236071
0.3277 -0.0123065 0.0300567
0.3288 -0.0715964 0.0362905
0.3299 -0.00723868 0.00145434
0.331 0.00174199 0.00655728
0.3321 0.0011553 0.000427365
0.3332 0.0155513 -0.0133675
0.3343 0.0136559 -0.0176746
0.3354 0.0271014 -0.0262521
0.3365 0.0123157 -0.0444041
0.3376 0.00286381 0.00145172
0.3387 0.00477196 0.0422359
0.3398 0.0128997 0.00287081
0.3409 -0.00601204 0.0135445
0.342 -0.00212125 0.0248454
0.3431 0.0192586 0.0356663
0.3442 0.0304816 0.0521256
0.3453 0.0488938 0.0109377
0.3464 0.0438707 -0.0219225
0.3475 0.0291338 -0.0124951
0.3486 0.0349206 -0.0167899
0.3497 0.00482932 0.012486
0.3508 -0.0452841 0.00745249
0.3519 -0.0244812 -0.00849124
0.35295 -0.0268935 0.00751192
0.354 -0.0690286 0.0243067
0.3551 -0.0117736 0.000890092
0.3562 0.0204033 0.00413978
0.3573 0.0307164 -0.0320405
0.3584 0.0426335 -0.00238285
0.3595 -9.25865e-05 0.0140576
0.3606 -0.00837279 0.0109316
0.3617 -0.00515177 0.00987741
0.3628 -0.0192015 0.0223056
0.3639 -0.041507 0.0285511
0.365 -0.0378831 0.0227961
0.3661 -0.0232083 -0.00785274
0.3672 -0.0191525 -0.00379125
0.3683 0.014345 -0.00650487
0.3694 0.0288066 -0.0111034
0.3705 0.0328438 0.009421
0.3716 0.0473324 -0.0291473
0.3727 -0.00236192 0.0148508
0.3738 0.0275953 -0.0055467
0.3749 -0.0257507 0.0215434
0.376 -0.020617 0.0189877
0.3771 -0.0084562 0.0131147
0.3782 -0.00873334 0.0103013
0.3793 -0.0218306 0.00379034
0.3804 0.0468268 -0.0166207
0.3815 0.0778753 -0.0249706
0.3826 0.0615189 -0.0152886
0.3837 0.0239295 -0.0105706
0.3848 -0.0151 0.00913422
0.3859 -0.0119976 -0.00531797
0.387 -0.0113562 0.00388497
0.3881 -0.0214823 0.0302364
0.3892 -0.0186433 0.026872
0.3903 -0.0535434 0.0283342
0.3914 -0.0157549 0.00764839
0.3925 0.020112 -0.00770294
0.3936 0.0518026 -0.00680512
0.3947 0.0215326 -0.006268
0.3958 0.00699506 -0.00154712
0.3969 -0.0119774 0.00716672
0.398 -0.0313871 0.0028885
0.3991 -0.0706444 0.0246161
0.4002 -0.0275879 0.0103316
0.4013 -0.01231 0.0111276
0.4024 -0.020268 0.00566077
0.4035 -0.005693 -0.00164855
0.4046 0.0352626 0.00188738
0.4057 0.0300029 -0.00321576
0.4068 0.0106611 -0.00308752
0.4079 0.0181072 0.00711374
0.409 0.0267302 -0.00810471
0.4101 -0.0165461 0.0243557
0.4112 -0.013143 0.0127021
0.4123 -0.0111954 0.00967927
0.4134 -0.0250591 0.00626124
0.4145 -0.0178552 0.00124596
0.4156 0.0213681 0.0245805
0.4167 0.0534324 -0.00438215
0.4178 0.0336966 -0.000212645
0.4189 0.0163926 -0.000370606
0.42 0.00762847 -0.00379469
0.4211 -0.0102851 0.00640968
0.4222 -0.023784 0.0654686
0.4233 0.00578352 0.00853701
0.4244 -0.019535 0.0256464
0.4255 -0.0342074 -0.00402675
0.4266 -0.000696286 0.0046912
0.4277 0.014286 0.00219221
0.4288 0.0113156 0.00445511
0.4299 -0.00269709 0.0183277
0.431 -0.01002 0.019925
0.4321 0.00736534 -0.00761992
0.4332 0.0041336 -0.00178333
0.4343 0.00471035 0.000970011
0.4354 -0.0236801 0.00623113
0.4365 -0.0313935 -0.00163573
0.4376 -0.00596666 0.000765112
0.4387 -2.32569e-05 0.00152825
0.4398 0.0264003 0.0154488
0.4409 0.0270498 0.00178423
0.442 0.0252765 -0.00137642
0.4431 0.0097321 -0.00202987
0.4442 0.0155585 -0.000470574
0.4453 -0.00077267 0.006046
0.4464 0.0190648 0.00178776
0.4475 0.00480365 0.00136899
0.4486 -0.000691231 -0.000886394
0.4497 -0.00326174 -0.00197572
0.4508 0.00355063 -0.0012831
0.4519 0.0129104 0.00594236
0.453 0.0273566 -0.00278679
0.4541 0.015909 -0.00443537
0.4552 0.0110684 0.00151313
0.4563 0.000410506 0.00735759
0.4574 -0.00903976 0.0141502
0.4585 0.0106838 0.00576516
0.4596 0.00738932 0.00738092
0.4607 -0.00727079 -0.00135688
0.4618 -0.0225629 0.012369
0.4629 0.00967733 0.00249501
0.464 -0.0386119 0.0419953
0.4651 -0.00519782 -0.0136736
0.4662 0.0222002 -0.0073553
0.4673 0.0175481 -0.00770605
0.4684 -0.00357489 0.00485232
0.4695 -0.0142059 0.000658757
0.4706 -0.0237627 0.00621161
0.4717 -0.0177762 -2.52609e-05
0.4728 -0.00389917 0.00155682
0.4739 -0.00218146 0.00529182
0.475 0.0133814 0.00666662
0.4761 0.00500552 0.0160374
0.4772 -0.0368016 0.0036394
0.4783 0.0341891 -0.0101001
0.4794 0.0021879 0.000194274
0.4805 0.0247845 -0.00516946
0.4816 0.0411058 -0.0210655
0.4827 -0.0103521 0.0124217
0.4838 0.00712167 0.010719
0.4849 0.008857 0.053596
0.486 0.0349077 -0.0149221
0.4871 0.016156 0.00577733
0.4882 0.0263297 -0.0128078
0.4893 -0.0156617 0.104452
0.4904 0.0043213 0.0126728
0.4915 0.0204458 0.00517833
0.4926 0.00601416 0.0100584
0.4937 0.0112972 -0.000459552
0.4948 -0.0130351 0.00662651
0.4959 -0.0131341 0.00744822
0.497 0.00448213 0.0148884
0.4981 0.0098835 0.0131113
0.4992 -0.0141844 -0.0011949
0.5003 0.00966896 -0.00823489
0.5014 -0.00155134 0.0395563
0.5025 0.0181709 -0.00127619
0.5036 0.0119656 0.00222024
0.5047 -0.00242503 0.00354587
0.5058 -0.0162066 -0.000871673
0.5069 -0.00958323 0.00797504
0.508 -0.0106268 0.0119755
0.5091 -0.0240765 0.0121382
0.5102 0.00265313 0.00348159
0.5113 0.00642058 0.00684757
0.5124 0.00736409 -0.00157971
0.5135 -0.00431839 0.010296
0.5146 0.0233593 0.00318764
0.5157 0.0241719 -0.00787639
0.5168 0.00159021 0.000185598
0.5179 0.00359838 -0.00141181
0.519 -0.00138552 7.36039e-05
0.5201 -0.0199343 0.00760248
0.5212 0.0104001 8.69809e-05
0.5223 0.0278572 -0.00493362
0.5234 0.025846 -0.00324774
0.5245 0.0282108 -4.27978e-05
0.5256 0.0103882 0.00719603
0.5267 0.0353628 -0.00798739
0.5278 0.0149136 -0.000988775
0.5289 0.0172613 0.00289623
0.53 -0.0156755 0.0118598
0.5311 -0.0217686 0.00749512
0.5322 -0.0132765 0.00199307
0.5333 -0.00630157 0.00298276
0.5344 -0.0160147 0.0242292
0.5355 0.0013601 0.00708217
0.5366 -0.0284329 -0.00675213
0.5377 0.0795417 -0.0113637
0.5388 -0.00762012 0.0451558
0.5399 -0.0498731 0.0201152
0.541 -0.0635789 0.0424916
0.5421 -0.0115852 0.015019
0.5432 -0.00412155 0.00680918
0.5443 0.016996 0.00855619
0.5454 0.0170104 8.03078e-05
0.5465 0.0154243 0.000987363
0.5476 0.0130277 -0.0148138
0.5487 0.0322578 -0.00499095
0.5498 0.0155189 0.0160884
0.5509 -0.00709863 0.0128424
0.552 -0.0146036 0.0118013
0.5531 0.0109609 -0.00296389
0.5542 0.0320256 0.00131468
0.5553 0.0325519 0.00553843
0.5564 0.0556216 -0.0197418
0.5575 0.0254237 0.0292729
0.5586 0.0289836 0.00424061
0.55965 0.0247405 -0.00431252
0.5607 0.0270919 0.00109464
0.5618 0.02303 0.00255477
0.5629 -0.000213506 0.00172629
0.564 -0.015559 0.0201752
0.5651 -0.00103782 -0.000729929
0.5662 0.00843644 0.000673288
0.5673 0.00600165 0.00201449
0.5684 -0.0023402 8.72994e-05
0.5695 0.00400514 -0.00338338
0.5706 0.00729807 -0.00501649
0.5717 -0.00187921 0.00568865
0.5728 0.0102539 0.000703737
0.5739 -0.00531752 0.00322366
0.575 -0.00934383 0.0056362
0.5761 0.00327062 0.0135152
0.5772 -0.0181799 0.00544499
0.5783 0.00242074 0.00128528
0.5794 0.0139513 -0.000455719
0.5805 -0.017198 -0.00162966
0.5816 0.0475547 -0.0043184
0.5827 0.00186427 0.00205671
0.5838 0.00245977 -0.00444503
0.5849 0.00314563 0.00551901
0.586 -0.0127639 0.00526658
0.5871 -0.00126631 -0.0103755
0.5882 0.030645 -0.00968838
0.5893 0.0335479 0.00943699
0.5904 -0.00679455 0.00144642
0.5915 0.0262369 -0.0234879
0.5926 0.0398254 -0.00179636
0.5937 0.00329576 0.0131766
0.5948 0.0107051 -0.00187852
0.5959 0.00215578 -0.00276435
0.597 -0.00974526 -0.00242576
0.5981 0.0260101 -0.0162187
0.59915 0.031217 -0.0123423
0.6002 0.0150688 0.0121461
0.6013 0.0148346 -0.00938097
0.6024 -0.00734778 0.00646984
0.6035 -0.0346432 0.0415356
0.6046 0.012312 0.0156262
0.6057 0.0385145 -0.0198719
0.6068 0.0256943 0.00309025
0.6079 0.0390424 -0.014405
0.609 0.0558406 -0.00867714
0.6101 0.0456641 0.000722082
0.6112 0.0491783 0.00212991
0.6123 0.026359 -0.020678
0.6134 0.000999603 0.0124919
0.6145 -0.0082057 0.0010108
0.6156 0.0225784 -0.00538583
0.6167 -0.0629583 -0.0709042
0.61775 0.00271726 0.00567839
0.6188 -0.00915306 0.0229264
0.6199 0.0431315 -0.0209867
0.621 -0.0773488 0.0420316
0.6221 -0.035911 0.0582255
0.6232 -0.0213381 0.00267249
0.6243 0.0261173 -0.0112148
0.6254 0.00314295 0.024397
0.6265 0.0472805 -0.00509549
0.6276 -0.0188361 0.0140453
0.62865 0.0485288 -0.0114869
0.629675 0.0277624 -0.0204542
0.6307 0.0501601 0.131219
0.6318 -0.0332003 0.0213328
0.6329 0.0223654 -0.0328477
0.634 0.0233883 0.0265007
0.6351 0.0305706 -0.0642337
0.6362 0.10456 -0.0497908
0.6373 0.091107 -0.0115666
0.6384 0.0517386 0.00705657
0.6395 0.00960907 0.0131506
0.6406 0.039963 0.065679
0.6417 -0.00626478 0.015744
0.6428 -0.00603234 0.0412291
0.6439 -0.0256315 0.0455264
0.645 -0.00781256 0.011503
0.6461 0.0145868 0.0615532
0.6472 0.0221473 0.0134919
0.6483 -0.00654461 0.00433397
0.6494 -0.0133637 0.00995241
0.6505 -0.0241858 0.00111691
0.6516 -0.0246919 -0.00453104
0.6527 -0.0340956 0.00880766
0.6538 -0.0659898 -0.0614506
0.6549 -0.0673459 0.0223081
0.656 -0.0503931 -0.00449061
0.6571 -0.0348038 -0.00376067
0.6582 2.79236e-05 0.00465919
0.6593 0.00215464 -0.00570842
0.6604 -0.0038781 -0.0100185
0.6615 -0.00497612 -0.0111104
0.6626 -0.00287763 -0.014293
0.6637 -0.0099471 -0.0184263
0.6648 -0.0046864 -0.00241239
0.6659 -0.00262072 -0.00298791
0.667 0.0156645 -0.000596234
0.6681 0.0177617 -0.0121923
0.6692 0.0144897 -0.00245524
0.6703 0.0231463 0.00609686
0.6714 0.0373586 -0.0217217
0.6725 0.0191072 0.00942092
0.6736 0.0185983 -0.00423407
0.6747 0.01251 -0.00639746
0.6758 0.00253617 -0.000730518
0.6769 -0.00421701 0.00340112
0.678 -0.00117626 0.00056333
0.6791 -0.00347273 -0.00528314
0.6802 -0.00693694 -0.0050395
0.6813 -0.0102337 -0.00376485
0.6824 -0.0193682 0.000621736
0.6835 -0.0113514 0.00250187
0.6846 -0.0086773 0.00337749
0.6857 -0.0102317 -0.00254827
0.6868 -0.0155794 -0.000946258
0.6879 -0.0330514 0.00520529
0.689 -0.0188511 0.000583955
0.6901 -0.0166387 -0.0055239
0.6912 -0.0118955 -0.00323699
0.6923 -0.00391281 -0.00378203
0.6934 -0.0135029 -0.0011264
0.6945 -0.0146644 -0.00605442
0.6956 -0.00805178 -0.00428607
0.6967 -0.00502055 -0.00668765
0.6978 -0.0148726 -0.00824044
0.6989 -0.0173711 -0.00405495
0.7 0.00326111 -0.0098659
0.7011 0.0129986 0.00670526
0.7022 0.00801638 0.00422888
0.7033 -0.00197676 -0.00548822
0.7044 -0.0104419 -0.00377311
0.7055 -0.0130843 -0.0137609
0.7066 -0.00592685 -0.00276658
0.7077 -0.00934009 -0.00743146
0.7088 -0.00796253 -0.0091566
0.7099 -0.0102017 -0.0122277
0.711 -0.00315699 -0.013038
0.7121 -0.0017893 -0.00779857
0.7132 -0.0121538 -0.00993509
0.7143 -0.0116764 -0.010869
0.7154 -0.014341 -0.0154868
0.7165 -0.0275969 -0.00297212
0.7176 -0.0272493 -0.00310462
0.7187 -0.0148652 -0.00434154
0.7198 -0.0231817 0.000695492
0.7209 -0.0264745 9.02105e-05
0.722 -0.0192052 -0.00447218
0.7231 -0.0189953 -0.0025582
0.7242 -0.000559599 0.00026486
0.7253 -0.00952856 -0.00330933
0.7264 -0.00789255 0.000374876
0.7275 -0.0103543 -0.00254864
0.7286 -0.00817211 -0.00270621
0.7297 -0.0118479 -0.000892579
0.7308 -0.0146678 -0.00396891
0.7319 -0.011439 0.00195449
0.733 0.0060837 0.000816926
0.7341 0.0127577 0.00433312
0.7352 0.00683794 0.00162202
0.7363 0.000482657 0.00125324
0.7374 -0.00561268 -0.000390118
0.7385 -0.00739628 -0.00114768
0.7396 -0.0141427 0.0036659
0.7407 -0.00572439 -0.00973549
0.7418 -0.0123848 -0.00153266
0.7429 -0.0118559 -0.00347072
0.744 -0.00907043 -0.00788108
0.7451 0.000519879 -0.000340333
0.7462 0.0072624 -0.00413105
0.7473 0.00380152 -0.00111054
0.7484 0.00551904 -0.00258861
0.7495 0.00127172 0.000559138
0.7506 -0.0059027 0.00556625
0.7517 -0.00881937 0.0015394
0.7528 -0.0179762 0.0027169
0.7539 -0.0166805 0.00537428
0.755 -0.00275612 0.000590038
0.7561 -0.00357858 0.00600467
0.757125 0.00255363 0.002685
0.7582 0.000872193 0.000185643
0.7593 -0.00456206 -0.00304291
0.760325 0.0130677 -0.00172532
0.7614 -0.00271314 -0.00422564
0.7625 -0.00145199 -0.00566364
0.76355 0.00043651 -0.00397038
0.7646 -0.00736695 0.00798815
0.76565 -0.0182107 0.00825746
0.7667 0.00206576 0.00182533
0.7678 0.00796737 -0.000437634
0.7689 0.0028901 0.00499483
0.77 -0.00169564 0.001838
0.7711 -0.00192617 0.00215419
0.7722 -0.00130498 0.00202098
0.77325 0.000590007 -0.0042686
0.7743 0.0145081 -0.0120319
0.7754 -0.0136712 0.0103537
0.7765 0.00307764 -0.00754357
0.7776 0.0035278 -0.00487189
0.7787 0.00257887 -0.00486401
0.7798 0.00797823 -0.00159444
0.7809 0.00723436 -0.00485215
0.782 -0.00508611 0.000506656
0.7831 0.00787702 -0.00462912
0.7842 0.017779 -0.00315038
0.7853 -0.00126958 0.0569458
0.7864 0.00388636 0.00711472
0.7875 0.000283487 0.00753289
0.7886 -0.0148781 0.00686166
0.7897 0.00948921 0.00306646
0.79075 0.0130548 -0.00586678
0.7918 0.00923739 -0.00352275
0.7929 0.0180677 -0.0049084
0.794 0.0120236 -0.0111299
0.7951 0.00348047 0.000565176
0.7962 0.00904605 -0.00241965
0.7973 0.00695325 -0.0104962
0.7984 0.0109672 -0.00857373
0.79945 0.00554014 0.00732622
0.8005 0.0179757 -0.00841815
0.8016 -0.00127314 -0.00350284
0.8027 0.0192467 -0.00385472
0.8038 0.0165128 0.00066654
0.8049 0.0125087 -0.000696841
0.806 0.00556511 0.00407605
0.8071 0.000647695 -0.00276017
0.8082 0.00641436 0.0025529
0.8093 0.00927855 -0.000845434
0.8104 0.00477276 0.00645469
0.8115 -0.00816184 -0.002777
0.8126 0.00532168 -0.00468062
0.8137 0.0156159 -0.00768169
0.8148 0.0192568 -0.0054349
0.8159 0.0157381 -0.00617199
0.817 0.00769988 -0.0040556
0.8181 -0.00464958 0.00832139
0.8192 0.000959244 -0.0037009
0.8203 0.0063075 -0.00308338
0.8214 0.00998894 0.0043476
0.8225 0.00862981 0.00364188
0.8236 0.0113331 0.00241255
0.8247 0.0196114 -0.000277345
0.8258 0.0215327 -0.00492003
0.8269 0.0181072 -0.00446526
0.828 0.00836352 0.00122771
0.8291 0.00214475 0.00222591
0.8302 0.00505582 -0.00420213
0.8313 0.00611321 -0.00211041
0.8324 0.00421975 -0.00508383
0.8335 0.0224068 0.0328212
0.8346 0.0242925 0.0112584
0.8357 0.0171539 0.000439984
0.8368 0.00472589 -0.000637397
0.8379 0.0142721 0.0144728
0.839 -0.00984584 0.00441483
0.8401 -0.00410524 0.00409439
0.8412 0.00270259 -0.000346114
0.8423 -0.0056528 0.00189379
0.8434 -0.00465308 -0.00363625
0.8445 0.0103313 0.00164178
0.8456 0.00951124 -0.00384368
0.8467 0.00130131 -0.0115742
0.8478 0.00323151 -0.00397858
0.8489 -0.00771552 -0.00335705
0.85 -0.00626949 0.000320347
0.8511 -0.0040597 0.00146502
0.8522 -0.0058483 0.000944412
0.8533 -0.00177284 -0.00189152
0.8544 0.00636303 0.00667713
0.8555 0.00414243 0.00354356
0.8566 -0.00631938 0.00217373
0.8577 -0.00423462 0.00132647
0.8588 -0.000524219 -0.00168345
0.8599 -0.00560797 -7.12744e-05
0.861 -0.0132129 -0.000528498
0.862012 -0.00431527 -0.0025641
0.8631 -0.00936847 -0.00282149
0.8642 -0.0065011 -0.00336913
0.8653 0.00169385 -0.00397878
0.8664 -0.00686596 -0.0017311
0.8675 -0.00443395 -0.000921996
0.8686 -0.0104141 0.000181126
0.8697 -0.0151772 0.00657653
0.8708 -0.0116718 0.00229216
0.8719 -0.0104456 0.00244388
0.873 -0.00771636 0.000481495
0.8741 -0.00900999 0.00110535
0.8752 0.00374791 0.000443343
0.876225 0.00272785 0.000716056
0.8773 0.00302645 0.000257948
0.8784 0.00404391 -0.00376119
0.8795 -0.00620369 -0.00242771
0.8806 -0.0135612 -0.00296122
0.8817 -0.0202556 -2.29514e-05
0.8828 -0.0216498 -0.00305155
0.8839 -0.0118679 -0.000769038
0.885 -0.00906056 -0.000566774
0.8861 -0.00566609 -0.000912555
0.8872 -0.00244126 0.00519953
0.8883 0.000435505 0.00367247
0.889325 -0.000756077 0.000577933
0.8904 -0.00967057 -0.00191934
0.8915 -0.0123972 0.00021191
0.8926 -0.0134683 -0.000554246
0.8937 -0.0150558 -0.000968445
0.8948 -0.016511 -0.00313063
0.8959 -0.0108888 -0.00495166
0.897 -0.00781899 -0.00302329
0.8981 0.000871784 0.00123027
0.8992 0.0039388 0.00112723
0.9003 -0.000127807 -0.000335593
0.9014 -0.00666791 -0.000488043
0.9025 -0.00890041 0.000254765
0.9036 -0.0097364 0.00358748
0.9047 -0.0100176 0.000473214
0.9058 -0.00473904 0.00175972
0.9069 -0.00593823 0.000211928
0.908 -0.00333377 -7.62e-05
0.9091 0.00049454 9.96105e-05
0.9102 0.00110203 -0.000626311
0.9113 0.000377828 -0.000508173
0.9124 -0.00334307 -0.00223354
0.9135 -0.00691441 -0.00230472
0.9146 -0.00734403 -0.000675462
0.9157 -0.00710426 -0.000575563
0.9168 -0.00737069 0.000885155
0.9179 -0.00262548 0.000229841
0.919 -0.000655067 0.00186609
0.9201 -0.00339157 0.00178709
0.9212 -0.00445744 0.00251583
0.9223 -0.00500155 0.00095695
0.9234 -0.0112331 0.00178503
0.9245 -0.00429473 -0.000483241
0.9256 -0.00633352 0.000359715
0.9267 -0.00864679 -0.000647763
0.9278 -0.00125556 -0.00213117
0.9289 0.00228136 -0.000905964
0.93 0.00646305 -0.00398455
0.9311 0.00597842 0.00320744
0.9322 0.0052907 0.00243985
0.9333 0.000936493 -0.00244827
0.9344 -0.000377275 0.0027139
0.9355 -0.00503031 0.00334212
0.9366 -0.0014766 0.00323884
0.9377 -0.0026642 0.00314038
0.9388 0.00375234 -0.0054898
0.9399 0.00433192 0.00595128
0.941 0.0060759 -0.00256581
0.9421 0.00591951 0.000855831
0.9432 0.00794492 0.00103402
0.9443 0.00640788 -0.0035375
0.9454 0.00113695 -0.00186873
0.9465 0.00129566 -6.72416e-05
0.9476 0.00327893 0.0010974
0.9487 0.00523003 0.00141114
0.9498 0.00850294 -0.00191759
0.9509 0.00726506 -0.000199671
0.952 0.0098373 0.00118129
0.95305 0.0108267 0.00178666
0.9541 0.00910894 0.00144852
0.9552 0.00573702 -0.000392272
0.9563 0.00593922 -0.00138058
0.9574 0.00253706 -0.000757189
0.9585 0.00555134 -0.000550684
0.9596 0.0069378 -0.00129527
0.9607 0.00315515 0.00208431
0.9618 0.00563384 -0.007938
0.9629 0.00857731 0.00183363
0.964 -0.000483385 0.00201073
0.9651 0.00151847 0.00171556
0.9662 0.00639085 0.000644194
0.9673 0.00580055 -0.000388152
0.9684 0.00971355 -0.00106504
0.9695 0.0146383 0.0003184
0.9706 0.0142423 0.00170505
0.9717 0.0122379 -0.00263573
0.9728 0.0150182 -0.00123398
0.9739 0.00983322 -0.00301233
0.975 0.00622836 -0.00156398
0.9761 0.010781 -0.000192614
0.9772 0.0120245 -0.00073419
0.9783 0.0117537 -0.00282454
0.9794 0.0177635 -0.00350677
0.9805 0.0140765 -0.00120158
0.9816 0.0110174 0.000317687
0.9827 0.00907505 0.00174615
0.9838 0.00209861 -0.00457905
0.9849 -0.00120138 0.00771168
0.986 -0.00127122 0.000849869
0.9871 0.00167646 0.00199528
0.9882 -0.000162521 0.00189838
0.9893 -0.000911161 0.000705262
0.9904 0.00162347 -0.00177751
0.9915 0.00271751 0.000587896
0.9926 0.00550135 8.41506e-05
0.9937 0.00048314 -0.000373952
0.9948 -1.84125e-05 -0.00161209
0.9959 -0.000875556 -0.00106582
0.997 0.000507841 -0.00186701
0.9981 0.00301878 0.00181254
0.9992 0.0039469 0.00175666
