0 0
0.001 0
0.002 0
0.0031 0
0.0042 0
0.0052 0
0.0062 0
0.0072 0
0.0082 0
0.0093 0
0.0104 0
0.0115 0
0.0126 0
0.0137 0
0.0148 0
0.0159 0
0.017 0
0.0181 0
0.0192 0
0.0203 0
0.0214 0
0.0225 0
0.0236 0
0.0247 0
0.0258 0
0.0269 0
0.028 0
0.0291 0
0.0302 0
0.0313 0
0.0323 0
0.0333 0
0.0343 0
0.0353 0
0.0363 0
0.0373 0
0.0383 0
0.0393 0
0.0403 0
0.0413 0
0.0423 0
0.0433 0
0.0443 0
0.0453 0
0.0463 0
0.0473 0
0.0483 0
0.0493 0
0.0503 0
0.0513 0
0.0523 0
0.0533 0
0.0543 0
0.0553 0
0.0563 0
0.0573 0
0.0583 0
0.0593 0
0.0603 0
0.0613 0
0.0623 0
0.0633 0
0.0643 0
0.0653 0
0.0663 0
0.0673 0
0.0683 0
0.0693 0
0.0703 0
0.0713 0
0.0723 0
0.0733 0
0.0743 0
0.0753 0
0.0763 0
0.0773 0
0.0783 0
0.0793 0
0.0803 0
0.0813 0
0.0823 0
0.0833 0
0.0843 0
0.0853 0
0.0863 0
0.0873 0
0.0883 0
0.0893 0
0.0903 0
0.0913 0
0.0923 0
0.0933 0
0.0943 0
0.0953 0
0.0963 0
0.0973 0
0.0983 0
0.0993 0
0.1003 0
0.1013 0
0.1023 0
0.1033 0
0.1043 0
0.1053 0
0.1063 0
0.1073 0
0.1083 0
0.1093 0
0.1103 0
0.1113 0
0.1123 0
0.1133 0
0.1143 0
0.1153 0
0.1163 0
0.1173 0
0.1183 0
0.1193 0
0.1203 0
0.1213 0
0.1223 0
0.1233 0
0.1243 0
0.1253 0
0.1264 0
0.1275 0
0.1286 0
0.1297 0
0.1308 0
0.1319 0
0.133 0
0.1341 1.06208e-13
0.1352 8.92876e-08
0.1363 -8.82781e-07
0.1374 7.74856e-06
0.1385 -3.18139e-06
0.1396 -1.2554e-05
0.1407 -1.56716e-05
0.1418 -2.28356e-05
0.14285 -1.66955e-05
0.1439 -1.24756e-05
0.145 -3.9443e-05
0.1461 -7.20342e-05
0.1472 -0.000108825
0.1483 -0.000142605
0.1494 -0.000167802
0.1505 -0.000193143
0.1516 -0.000187811
0.1527 -0.000150029
0.1538 -8.37574e-05
0.1549 2.65664e-07
0.156 6.23096e-05
0.1571 4.98404e-05
0.1582 2.90816e-05
0.1593 5.9714e-06
0.1604 1.79721e-05
0.1615 6.9274e-05
0.1626 0.000164959
0.1637 0.000330306
0.1648 0.000547758
0.1659 0.000741612
0.167 0.000924751
0.1681 0.00114914
0.1692 0.00133648
0.1703 0.00150813
0.1714 0.00173226
0.1725 0.00198925
0.1736 0.00236487
0.1747 0.0028085
0.1758 0.00334548
0.1769 0.0039475
0.178 0.00445154
0.1791 0.00488064
0.1802 0.00535822
0.1813 0.00589232
0.1824 0.00648442
0.1835 0.00714798
0.1846 0.00786524
0.1857 0.00865775
0.1868 0.00956106
0.1879 0.0105291
0.189 0.0114835
0.1901 0.0123562
0.1912 0.0131645
0.1923 0.0139528
0.1934 0.0147943
0.1945 0.0155958
0.1956 0.0163417
0.1967 0.0170682
0.1978 0.0178193
0.1989 0.0185709
0.2 0.0193245
0.2011 0.020045
0.2022 0.0207029
0.2033 0.0212923
0.2044 0.0218962
0.2055 0.0225387
0.2066 0.0231565
0.2077 0.0237429
0.2088 0.0242874
0.2099 0.024864
0.211 0.0254864
0.2121 0.0260066
0.2132 0.0264311
0.2143 0.0268142
0.2154 0.027233
0.2165 0.0277597
0.2176 0.0283882
0.2187 0.0290231
0.2198 0.029552
0.2209 0.0299773
0.222 0.0303821
0.2231 0.0308382
0.2242 0.0313378
0.2253 0.0318341
0.2264 0.0323174
0.2275 0.0328298
0.2286 0.0333646
0.2297 0.0338618
0.2308 0.0342637
0.2319 0.0345736
0.233 0.0348085
0.2341 0.0350137
0.2352 0.035209
0.2363 0.0354058
0.2374 0.0355936
0.2385 0.0357771
0.2396 0.0359647
0.2407 0.0361651
0.2418 0.0363091
0.2429 0.0363579
0.244 0.036338
0.2451 0.0362742
0.2462 0.0361904
0.2473 0.0361269
0.2484 0.0360837
0.2495 0.0360428
0.2506 0.0359948
0.2517 0.0359359
0.2528 0.0358811
0.2539 0.035835
0.255 0.0357613
0.2561 0.0356002
0.2572 0.035451
0.2583 0.035336
0.2594 0.0352497
0.2605 0.0352046
0.26155 0.0351573
0.2626 0.0351275
0.2637 0.0351321
0.26475 0.0351168
0.2658 0.0350648
0.2669 0.034981
0.268 0.0348737
0.2691 0.0347485
0.2702 0.0346343
0.2713 0.0345226
0.2724 0.0344181
0.2735 0.0343195
0.2746 0.0342063
0.2757 0.0340653
0.2768 0.0338935
0.2779 0.0336948
0.279 0.0334557
0.2801 0.0331566
0.2812 0.0328354
0.2823 0.0325055
0.2834 0.0321639
0.2845 0.0318554
0.2856 0.0316174
0.2867 0.0313876
0.2878 0.0311538
0.2889 0.030899
0.29 0.0306213
0.2911 0.0303324
0.2922 0.0300545
0.2933 0.0297907
0.2944 0.0295784
0.2955 0.0293936
0.2966 0.0291923
0.2977 0.028997
0.2988 0.0288204
0.2999 0.0286669
0.301 0.0285302
0.3021 0.0283898
0.3032 0.0282108
0.3043 0.0280041
0.3054 0.0277958
0.3065 0.0276013
0.3076 0.0273945
0.3087 0.0271483
0.3098 0.0268946
0.3109 0.0266611
0.312 0.0264333
0.3131 0.0262003
0.3142 0.0259093
0.3153 0.0255712
0.3164 0.0252308
0.3175 0.0249149
0.3186 0.0246292
0.3197 0.0243478
0.3208 0.0240554
0.3219 0.0237612
0.323 0.0234998
0.3241 0.0232745
0.3252 0.0230506
0.3263 0.0228198
0.3274 0.0225719
0.3285 0.0223239
0.3296 0.0221026
0.3307 0.0219241
0.3318 0.021749
0.3329 0.0215901
0.334 0.0214528
0.3351 0.0213345
0.3362 0.0212376
0.3373 0.0211432
0.3384 0.0209995
0.3395 0.0207842
0.3406 0.0205408
0.3417 0.0203151
0.3428 0.02012
0.3439 0.0199212
0.345 0.0197199
0.3461 0.0195183
0.3472 0.0193286
0.3483 0.0191595
0.3494 0.0189926
0.3505 0.0187919
0.3516 0.0185481
0.3527 0.0183083
0.3538 0.0180926
0.3549 0.0179003
0.356 0.0177266
0.3571 0.0175547
0.3582 0.0173769
0.3593 0.0171957
0.3604 0.0170383
0.3615 0.0169018
0.3626 0.016758
0.3637 0.0165673
0.3648 0.0163669
0.3659 0.0162096
0.367 0.0160779
0.3681 0.0159659
0.3692 0.0158733
0.3703 0.0157877
0.3714 0.0156713
0.3725 0.0155546
0.3736 0.0154411
0.3747 0.0153262
0.3758 0.0152135
0.3769 0.0151055
0.378 0.0149847
0.3791 0.0148705
0.3802 0.0147797
0.3813 0.0146961
0.3824 0.0145705
0.3835 0.0144072
0.3846 0.0142477
0.3857 0.0141113
0.3868 0.013999
0.3879 0.0138959
0.389 0.01378
0.3901 0.0136332
0.3912 0.0134335
0.3923 0.0132207
0.3934 0.0130122
0.39445 0.0128075
0.3955 0.012622
0.3966 0.0125005
0.3977 0.0124099
0.3988 0.0123485
0.3999 0.0122756
0.401 0.0121667
0.4021 0.0120533
0.4032 0.0119629
0.4043 0.0118963
0.4054 0.011863
0.4065 0.0118631
0.4076 0.0118933
0.4087 0.0119565
0.4098 0.0120434
0.4109 0.0121215
0.412 0.0121811
0.4131 0.0122177
0.4142 0.0122174
0.4153 0.0122019
0.4164 0.0121851
0.4175 0.0121654
0.4186 0.0121575
0.4197 0.0121528
0.4208 0.0121374
0.4219 0.012107
0.423 0.0120569
0.4241 0.0119742
0.4252 0.0118553
0.4263 0.0117083
0.4274 0.0115518
0.4285 0.011399
0.4296 0.0112557
0.4307 0.0111356
0.4318 0.011084
0.4329 0.011052
0.434 0.0110298
0.4351 0.0110097
0.4362 0.0109774
0.4373 0.0109439
0.4384 0.0109307
0.4395 0.0109285
0.4406 0.0109522
0.4417 0.0110059
0.4428 0.0110806
0.4439 0.0111779
0.445 0.0112924
0.4461 0.0114068
0.4472 0.011506
0.4483 0.0115801
0.4494 0.011629
0.4505 0.0116622
0.4516 0.0117008
0.4527 0.0117359
0.4538 0.0117626
0.4549 0.0117883
0.456 0.0118157
0.4571 0.0118394
0.4582 0.0118454
0.4593 0.0118206
0.4604 0.0117715
0.4615 0.0116984
0.4626 0.0116067
0.4637 0.0115069
0.4648 0.0114172
0.4659 0.0113518
0.467 0.0113194
0.4681 0.0112935
0.4692 0.0112559
0.4703 0.0112192
0.4714 0.0111901
0.4725 0.0111644
0.4736 0.0111423
0.4747 0.0111183
0.4758 0.0111033
0.4769 0.0111302
0.478 0.0112
0.4791 0.0112988
0.4802 0.0114079
0.4813 0.0115134
0.4824 0.0116144
0.4835 0.0117153
0.4846 0.0118148
0.4857 0.0119024
0.4868 0.0119761
0.4879 0.0120346
0.489 0.0120882
0.4901 0.0121504
0.4912 0.0121973
0.4923 0.0122227
0.4934 0.0122342
0.4945 0.012225
0.4956 0.012192
0.4967 0.0121336
0.4978 0.0120452
0.4989 0.0119534
0.5 0.0118879
0.5011 0.0118414
0.5022 0.0118028
0.5033 0.0117686
0.5044 0.0117375
0.5055 0.0117162
0.5066 0.0116976
0.5077 0.0116681
0.5088 0.0116519
0.5099 0.0116591
0.511 0.0116764
0.5121 0.0117183
0.5132 0.0117884
0.5143 0.011875
0.5154 0.011974
0.5165 0.0120863
0.5176 0.0122077
0.5187 0.0123282
0.5198 0.0124457
0.5209 0.0125548
0.522 0.0126537
0.5231 0.0127451
0.5242 0.0128404
0.5253 0.0129421
0.5264 0.0130393
0.5275 0.0131309
0.5286 0.0132061
0.5297 0.0132657
0.5308 0.013316
0.5319 0.0133486
0.533 0.0133649
0.5341 0.013367
0.5352 0.0133819
0.5363 0.0133961
0.5374 0.013399
0.5385 0.013393
0.5396 0.0133868
0.5407 0.0133995
0.5418 0.0134187
0.5429 0.0134354
0.544 0.0134427
0.5451 0.0134489
0.5462 0.0134951
0.5473 0.0135626
0.5484 0.0136249
0.5495 0.0136874
0.5506 0.0137673
0.5517 0.0138672
0.5528 0.0139876
0.5539 0.0141158
0.555 0.0142454
0.5561 0.014366
0.5572 0.0144835
0.5583 0.0146001
0.5594 0.014715
0.560425 0.0148121
0.5615 0.0148975
0.562502 0.0149727
0.5636 0.0150551
0.5647 0.0151395
0.5658 0.0152312
0.5669 0.0153089
0.568 0.0153554
0.5691 0.0153805
0.5702 0.0154006
0.5713 0.0154199
0.5724 0.0154311
0.5735 0.0154376
0.5746 0.0154403
0.5757 0.0154194
0.5768 0.0153934
0.5779 0.0153684
0.579 0.0153438
0.5801 0.0153171
0.5812 0.0152995
0.5823 0.0152861
0.5834 0.015264
0.5845 0.0152517
0.5856 0.0152415
0.5867 0.0152322
0.5878 0.0152295
0.5889 0.0152361
0.59 0.0152378
0.5911 0.0152289
0.5922 0.0152162
0.5933 0.0152035
0.5944 0.0151943
0.5955 0.0151752
0.5966 0.0151639
0.5977 0.0151416
0.5988 0.0151055
0.5999 0.0150618
0.601 0.0150218
0.6021 0.0149702
0.6032 0.0148896
0.6043 0.0147972
0.6054 0.0147
0.6065 0.0145879
0.6076 0.0144583
0.6087 0.0143114
0.6098 0.0141541
0.6109 0.0139986
0.612 0.0138476
0.6131 0.0136888
0.6142 0.0135173
0.6153 0.0133415
0.6164 0.0131701
0.6175 0.0130126
0.6186 0.0128565
0.6197 0.0126863
0.6208 0.0125102
0.6219 0.0123435
0.623 0.0121874
0.6241 0.0120399
0.6252 0.01189
0.6263 0.0117245
0.6274 0.0115806
0.6285 0.011471
0.6296 0.011353
0.6307 0.0112146
0.6318 0.0110492
0.6329 0.0108566
0.634 0.0106701
0.6351 0.0105131
0.6362 0.0103711
0.6373 0.0102503
0.6384 0.0101511
0.6395 0.0100484
0.6406 0.00993726
0.6417 0.00981388
0.6428 0.00966196
0.6439 0.0094696
0.645 0.0092443
0.6461 0.00900434
0.6472 0.00873394
0.6483 0.0084213
0.6494 0.00811661
0.6505 0.00781599
0.6516 0.00752741
0.6527 0.00722218
0.6538 0.00688483
0.6549 0.00652256
0.656 0.00615538
0.6571 0.00578912
0.6582 0.00542565
0.6593 0.00505899
0.6604 0.00469748
0.6615 0.00435213
0.6626 0.00402931
0.6637 0.0037236
0.66475 0.00343689
0.6658 0.00315852
0.6669 0.002886
0.668 0.00261914
0.6691 0.00236435
0.6702 0.00213534
0.6713 0.001935
0.6724 0.00175404
0.6735 0.00159437
0.6746 0.00143891
0.6757 0.00127469
0.6768 0.00110056
0.6779 0.0009131
0.679 0.000712631
0.6801 0.000508695
0.6812 0.000301887
0.6823 9.68144e-05
0.6834 -9.93994e-05
0.6845 -0.000289992
0.6856 -0.000481575
0.6867 -0.000677674
0.6878 -0.000889023
0.6889 -0.00111086
0.69 -0.0013343
0.6911 -0.00155652
0.6922 -0.00177115
0.6933 -0.00196962
0.6944 -0.00215152
0.6955 -0.00231916
0.6966 -0.00246845
0.6977 -0.00260713
0.6988 -0.00273435
0.6999 -0.00284912
0.701 -0.00295962
0.7021 -0.0030607
0.7032 -0.00314065
0.7043 -0.00320168
0.7054 -0.0032464
0.7065 -0.0032748
0.7076 -0.00329359
0.7087 -0.00329963
0.7098 -0.00330203
0.7109 -0.00330816
0.712 -0.00331466
0.7131 -0.00331709
0.7142 -0.00331868
0.7153 -0.00331671
0.7164 -0.00331906
0.7175 -0.00332048
0.7186 -0.00331151
0.7197 -0.00329961
0.7208 -0.0032907
0.7219 -0.00328457
0.723 -0.00327215
0.72405 -0.00324488
0.7251 -0.00320278
0.7262 -0.00315137
0.7273 -0.00308593
0.7284 -0.00300152
0.7295 -0.00290163
0.7306 -0.00277994
0.7317 -0.00265457
0.7328 -0.00252664
0.7339 -0.00237917
0.735 -0.0022142
0.7361 -0.00204436
0.7372 -0.00187083
0.7383 -0.00168621
0.7394 -0.00149961
0.7405 -0.0013114
0.7416 -0.00112603
0.7427 -0.000931011
0.7438 -0.000716005
0.7449 -0.000486093
0.746 -0.000269115
0.7471 -6.99244e-05
0.7482 0.000127354
0.7493 0.000329771
0.7504 0.000539084
0.7515 0.000751967
0.7526 0.000960759
0.7537 0.00117088
0.7548 0.00138275
0.7559 0.0015916
0.757 0.00179506
0.7581 0.0019967
0.759125 0.00218381
0.7602 0.00238914
0.7613 0.00260556
0.7624 0.0028215
0.7635 0.00302649
0.7646 0.0032068
0.7657 0.00337672
0.7668 0.00353451
0.7679 0.00368162
0.769 0.00383207
0.7701 0.00399552
0.7712 0.00417421
0.7723 0.00437094
0.7734 0.00458021
0.7745 0.00478733
0.7756 0.00498002
0.77665 0.00515181
0.7777 0.00531287
0.7788 0.00547202
0.7799 0.00562333
0.781 0.00577383
0.7821 0.00592643
0.7832 0.00608294
0.7843 0.00624334
0.7854 0.00638943
0.7865 0.00651544
0.7876 0.00662482
0.7887 0.00672017
0.7898 0.00679882
0.7909 0.00686165
0.792 0.00691171
0.7931 0.00696015
0.7942 0.00700839
0.7953 0.00705166
0.7964 0.0070814
0.7975 0.00709681
0.7986 0.00709981
0.7997 0.00709354
0.8008 0.00707276
0.8019 0.00704277
0.803 0.00700802
0.8041 0.00697174
0.8052 0.00693502
0.8063 0.00689586
0.8074 0.00685099
0.8085 0.00679635
0.8096 0.00673324
0.8107 0.00666006
0.8118 0.00657724
0.8129 0.00648695
0.814 0.00638668
0.8151 0.00627638
0.8162 0.00615929
0.8173 0.00603567
0.8184 0.00590519
0.8195 0.00576692
0.8206 0.00561392
0.8217 0.00544312
0.8228 0.0052613
0.8239 0.00507468
0.825 0.00488605
0.8261 0.00469516
0.8272 0.00450003
0.8283 0.00429803
0.8294 0.00409393
0.8305 0.00389208
0.8316 0.00368808
0.8327 0.00347346
0.8338 0.00324449
0.8349 0.00300691
0.836 0.00276853
0.8371 0.00253106
0.8382 0.00229203
0.8393 0.00204717
0.8404 0.00179628
0.8415 0.00153965
0.8426 0.00127657
0.8437 0.00100908
0.8448 0.000740667
0.8459 0.000474002
0.847 0.000215813
0.8481 -3.73425e-05
0.8492 -0.000290449
0.8503 -0.00054211
0.8514 -0.000793979
0.8525 -0.00104489
0.8536 -0.00128877
0.8547 -0.00152453
0.8558 -0.00175028
0.8569 -0.00196102
0.858 -0.00215979
0.8591 -0.00235126
0.8602 -0.00253945
0.8613 -0.00272387
0.8624 -0.00290664
0.8635 -0.00308578
0.8646 -0.00325954
0.8657 -0.00342758
0.8668 -0.00358677
0.8679 -0.00373412
0.869 -0.00387294
0.8701 -0.00400878
0.8712 -0.00414771
0.8723 -0.00428508
0.8734 -0.00441882
0.8745 -0.0045482
0.8756 -0.00466815
0.8767 -0.00477737
0.8778 -0.00487741
0.8789 -0.00496554
0.88 -0.00504392
0.8811 -0.00511116
0.8822 -0.00516409
0.8833 -0.00520477
0.8844 -0.00523731
0.8855 -0.0052614
0.8866 -0.00527143
0.8877 -0.0052655
0.8888 -0.00524887
0.8899 -0.00522337
0.891 -0.00518684
0.8921 -0.00514257
0.8932 -0.00509108
0.8943 -0.00502982
0.8954 -0.00496214
0.8965 -0.00488822
0.8976 -0.00480586
0.8987 -0.0047144
0.8998 -0.00461566
0.9009 -0.00451205
0.902 -0.00440501
0.9031 -0.00429208
0.9042 -0.00417088
0.9053 -0.00404134
0.9064 -0.00390658
0.9075 -0.00376806
0.9086 -0.00361988
0.9097 -0.00345856
0.9108 -0.00328531
0.9119 -0.00310249
0.913 -0.00291133
0.9141 -0.00270973
0.9152 -0.00249812
0.9163 -0.00228035
0.9174 -0.00206114
0.9185 -0.00184116
0.9196 -0.00161735
0.9207 -0.00138727
0.9218 -0.00115413
0.9229 -0.000920721
0.924 -0.000686441
0.9251 -0.000452167
0.9262 -0.00022218
0.9273 3.27691e-06
0.9284 0.000225606
0.92945 0.000436676
0.9305 0.000648004
0.9316 0.000869042
0.9327 0.00108718
0.9338 0.00130233
0.9349 0.0015172
0.936 0.00173065
0.9371 0.0019425
0.9382 0.00214683
0.9393 0.00234843
0.9404 0.00255425
0.9415 0.00276267
0.9426 0.00297482
0.94365 0.00317846
0.9447 0.00337755
0.9458 0.00358084
0.9469 0.00378315
0.948 0.00397682
0.9491 0.00415756
0.9502 0.00432353
0.9513 0.00448197
0.9524 0.00463843
0.9535 0.0047858
0.9546 0.00491848
0.9557 0.00503934
0.9568 0.00515284
0.9579 0.00525765
0.959 0.00534913
0.9601 0.00542641
0.9612 0.00549401
0.9623 0.00555735
0.9634 0.00561512
0.9645 0.0056645
0.9656 0.00570491
0.9667 0.00573993
0.9678 0.00576978
0.9689 0.00579145
0.97 0.00580339
0.9711 0.00580696
0.9722 0.00580441
0.9733 0.00579526
0.9744 0.0057804
0.9755 0.00575693
0.9766 0.00572868
0.9777 0.00569315
0.9788 0.00564305
0.9799 0.00557967
0.981 0.00550489
0.9821 0.00541544
0.9832 0.00531727
0.9843 0.00520733
0.9854 0.00508575
0.9865 0.0049585
0.9876 0.00482676
0.9887 0.00468711
0.9898 0.00453765
0.9909 0.00437646
0.992 0.0042066
0.9931 0.00403224
0.9942 0.00385524
0.9953 0.00367609
0.9964 0.00349582
0.9975 0.00331582
0.9986 0.00313364
0.99965 0.0029557
