0 0 0
0.001 0 0
0.002 0 0
0.0031 0 0
0.0042 0 0
0.0052 0 0
0.0062 0 0
0.0072 0 0
0.0082 0 0
0.0093 0 0
0.0104 0 0
0.0115 0 0
0.0126 0 0
0.0137 0 0
0.0148 0 0
0.0159 0 0
0.017 0 0
0.0181 0 0
0.0192 0 0
0.0203 0 0
0.0214 0 0
0.0225 0 0
0.0236 0 0
0.0247 0 0
0.0258 0 0
0.0269 0 0
0.028 0 0
0.0291 0 0
0.0302 0 0
0.0313 0 0
0.0323 0 0
0.0333 0 0
0.0343 0 0
0.0353 0 0
0.0363 0 0
0.0373 0 0
0.0383 0 0
0.0393 0 0
0.0403 0 0
0.0413 0 0
0.0423 0 0
0.0433 0 0
0.0443 0 0
0.0453 0 0
0.0463 0 0
0.0473 0 0
0.0483 0 0
0.0493 0 0
0.0503 0 0
0.0513 0 0
0.0523 0 0
0.0533 0 0
0.0543 0 0
0.0553 0 0
0.0563 0 0
0.0573 0 0
0.0583 0 0
0.0593 0 0
0.0603 0 0
0.0613 0 0
0.0623 0 0
0.0633 0 0
0.0643 0 0
0.0653 0 0
0.0663 0 0
0.0673 0 0
0.0683 0 0
0.0693 0 0
0.0703 0 0
0.0713 0 0
0.0723 0 0
0.0733 0 0
0.0743 0 0
0.0753 0 0
0.0763 0 0
0.0773 0 0
0.0783 0 0
0.0793 0 0
0.0803 0 0
0.0813 0 0
0.0823 0 0
0.0833 0 0
0.0843 0 0
0.0853 0 0
0.0863 0 0
0.0873 0 0
0.0883 0 0
0.0893 0 0
0.0903 0 0
0.0913 0 0
0.0923 0 0
0.0933 0 0
0.0943 0 0
0.0953 0 0
0.0963 0 0
0.0973 0 0
0.0983 0 0
0.0993 0 0
0.1003 0 0
0.1013 0 0
0.1023 0 0
0.1033 0 0
0.1043 0 0
0.1053 0 0
0.1063 0 0
0.1073 0 0
0.1083 0 0
0.1093 0 0
0.1103 0 0
0.1113 0 0
0.1123 0 0
0.1133 0 0
0.1143 0 0
0.1153 0 0
0.1163 0 0
0.1173 0 0
0.1183 0 0
0.1193 0 0
0.1203 0 0
0.1213 0 0
0.1223 0 0
0.1233 0 0
0.1243 0 0
0.1253 0 0
0.1264 0 0
0.1275 0 0
0.1286 0 0
0.1297 0 0
0.1308 0 0
0.1319 0 0
0.133 0 0
0.1341 1.82571e-07 -2.5251e-11
0.1352 0.000995071 -4.07914e-05
0.1363 -0.0256233 -0.00877218
0.1374 0.0278668 0.0069186
0.1385 -0.00295561 0.0083445
0.1396 -0.00683507 -0.006866
0.1407 0.00505669 0.0052496
0.1418 -0.00429599 -0.00845462
0.14285 -0.00318139 -0.0163245
0.1439 0.0335933 0.0286936
0.145 0.0102139 -0.00608125
0.1461 0.00600327 -0.0105003
0.1472 -0.00232929 0.00862111
0.1483 -0.00831269 -0.00572672
0.1494 0.0100053 0.00729466
0.1505 -0.0290456 0.00448206
0.1516 -0.0251455 -0.00445559
0.1527 -0.0287226 -0.0038725
0.1538 0.00783985 -0.0042174
0.1549 -0.0113204 -0.0163613
0.156 0.0953165 0.0184238
0.1571 -0.00954749 0.00622681
0.1582 0.0186158 -0.0133557
0.1593 -0.036704 0.00514787
0.1604 -0.0321025 0.00502713
0.1615 -0.0356576 0.00609264
0.1626 -0.0684955 0.00253529
0.1637 -0.0519272 -0.00653305
0.1648 0.0331235 -0.00350587
0.1659 0.0160851 -0.00388461
0.167 -0.0449647 -0.0155971
0.1681 0.0433291 -0.00581881
0.1692 0.0526968 -0.00627557
0.1703 -0.0754888 -0.00129773
0.1714 -0.00236757 0.00691439
0.1725 -0.013596 0.195497
0.1736 -0.0628546 -0.000961295
0.1747 -0.0594212 -0.0338889
0.1758 -0.111563 0.0129625
0.1769 0.105747 0.0157985
0.178 0.142417 0.0222102
0.1791 -0.0271861 0.00484465
0.1802 -0.0634081 -0.000218315
0.1813 -0.0516989 -0.02812
0.1824 -0.099418 0.00027008
0.1835 -0.0667292 0.00978968
0.1846 -0.062978 0.00537909
0.1857 -0.128348 -0.0126219
0.1868 -0.0475542 -0.0173603
0.1879 -0.0150369 -0.0329178
0.189 0.125309 -0.00223709
0.1901 0.1111 0.046804
0.1912 0.103006 -0.0175554
0.1923 -0.0825664 0.0277595
0.1934 0.0031552 0.0227942
0.1945 0.00353185 -0.0240959
0.1956 0.02563 0.029494
0.1967 -0.0713165 0.0492352
0.1978 0.00116463 -0.0103947
0.1989 -0.0391227 -0.00905167
0.2 0.0163999 -0.00577941
0.2011 0.0423245 -0.0382542
0.2022 0.0719515 -0.0446801
0.2033 -0.0348921 -0.0109088
0.2044 -0.0640253 -0.0339173
0.2055 0.015604 -0.0339771
0.2066 0.00354725 0.0589438
0.2077 0.0589962 -0.0010483
0.2088 -0.0221822 0.00983302
0.2099 -0.0774875 0.0313268
0.211 0.10159 -0.0515436
0.2121 0.102968 -0.0218064
0.2132 0.0440149 0.0250647
0.2143 -0.0322963 0.0474022
0.2154 -0.130636 0.0491032
0.2165 -0.113207 0.0289162
0.2176 -0.0344706 0.00386885
0.2187 0.109913 -0.0496164
0.2198 0.112075 -0.0569643
0.2209 0.0555803 -0.0380908
0.222 -0.0595114 0.0185638
0.2231 -0.0435099 0.0162813
0.2242 -0.00134622 0.0543927
0.2253 0.0146789 0.0348881
0.2264 -0.0280037 0.0633987
0.2275 -0.0323573 0.00186801
0.2286 0.0265292 0.00794785
0.2297 0.103866 -0.0544173
0.2308 0.0989948 -0.0466503
0.2319 0.0851431 -0.0396152
0.233 0.0474055 -0.0451147
0.2341 0.0105693 -0.0434056
0.2352 -0.0109185 -0.0249665
0.2363 0.0184134 -0.013155
0.2374 0.0108316 0.0299595
0.2385 0.00971072 0.0127548
0.2396 -0.0349907 0.0162783
0.2407 0.0511342 -0.0737197
0.2418 0.10926 -0.0624154
0.2429 0.0826878 -0.0487219
0.244 0.0796728 -0.026121
0.2451 0.0285619 -0.0207864
0.2462 0.0152338 0.0346651
0.2473 -0.0368466 0.0574898
0.2484 0.018291 0.0220235
0.2495 0.0318717 0.0265635
0.2506 0.0221272 0.00255901
0.2517 -0.00333894 0.00217437
0.2528 0.0114124 0.00615528
0.2539 3.8349e-05 -0.0274135
0.255 0.105319 -0.0731852
0.2561 0.0182654 0.0389511
0.2572 0.000488854 0.00724943
0.2583 0.0136899 0.0462023
0.2594 -0.066384 0.0355785
0.2605 -0.00629509 0.00154977
0.26155 -0.0137845 0.0512724
0.2626 -0.0477377 0.0369508
0.2637 0.0252342 -0.0364
0.26475 0.03386 -0.0348031
0.2658 0.0256057 -0.0170257
0.2669 0.0409942 -0.0070417
0.268 0.027242 0.0120497
0.2691 -0.00741 -0.00765568
0.2702 0.0278441 -0.0119052
0.2713 0.0126565 0.0347551
0.2724 -0.00893222 0.0390464
0.2735 0.0237201 -0.0193938
0.2746 0.0395801 -0.0291128
0.2757 0.0505128 -0.0112236
0.2768 0.0404151 -0.0265447
0.2779 0.0477709 -0.0177889
0.279 0.0809395 -0.0537607
0.2801 0.0244118 -0.0228934
0.2812 0.000862173 -0.0115246
0.2823 0.0329917 0.0215198
0.2834 -0.00791737 0.0290542
0.2845 -0.0497491 0.0958326
0.2856 0.00414716 0.00761184
0.2867 0.0218012 -0.0007205
0.2878 0.0396941 -0.0117551
0.2889 0.024778 -0.00745115
0.29 0.0118768 -0.00375383
0.2911 -0.000157765 0.0146532
0.2922 -0.00312321 0.0169654
0.2933 -0.0425732 0.0330995
0.2944 0.00977663 0.0644103
0.2955 0.0268763 -0.00275744
0.2966 0.0128603 0.011947
0.2977 -0.00917104 0.0413182
0.2988 -0.0173606 0.0149246
0.2999 -0.0105396 0.021172
0.301 -0.00122155 0.000457036
0.3021 0.0449634 -0.00750455
0.3032 0.0342749 0.0113465
0.3043 -0.00166285 -0.00137126
0.3054 -0.014422 0.0240167
0.3065 0.0158294 -0.00538582
0.3076 0.0496346 -0.0239293
0.3087 0.0212386 0.0308155
0.3098 -0.00227288 0.01571
0.3109 -0.00715177 -0.0119353
0.312 -0.0177663 -0.00923134
0.3131 0.0638629 -0.0410232
0.3142 0.0497982 -0.0175231
0.3153 0.00182307 0.0116132
0.3164 -0.0324172 0.0277231
0.3175 -0.00832896 0.00183687
0.3186 0.0171161 0.00595833
0.3197 0.0137477 0.0242887
0.3208 -0.00118495 0.0330713
0.3219 -0.0294994 0.0196748
0.323 0.0235935 0.0444795
0.3241 0.0097409 0.00026157
0.3252 0.0296812 0.00139157
0.3263 0.02739 0.000662377
0.3274 0.00436386 0.000476143
0.3285 -0.0345648 0.00692592
0.3296 -0.0475056 0.020137
0.3307 -0.00178251 -0.00173296
0.3318 -0.0030776 0.0072507
0.3329 -0.0136796 0.0183816
0.334 -0.00252561 0.00208738
0.3351 -0.0213922 0.00882183
0.3362 0.00427765 0.000896365
0.3373 0.036779 -0.00496105
0.3384 0.0896446 -0.0197454
0.3395 0.0477529 0.0032887
0.3406 -0.00745377 0.0161052
0.3417 -0.0259532 0.0203353
0.3428 0.00819623 -0.000325611
0.3439 -0.0120073 0.0135041
0.345 0.00112551 0.0123347
0.3461 -0.00329992 0.00827985
0.3472 -0.0251286 0.00231984
0.3483 -0.0161692 -0.0112947
0.3494 0.0558227 -0.0243037
0.3505 0.0724463 -0.0123578
0.3516 0.00612364 0.00697221
0.3527 -0.0241125 0.00877121
0.3538 -0.0138225 0.00811807
0.3549 -0.0137355 0.00835982
0.356 -0.00365122 0.0141998
0.3571 0.000389344 0.0197709
0.3582 0.0130477 0.00303594
0.3593 -0.0250699 0.011487
0.3604 -0.0181611 0.00158382
0.3615 -0.00627446 -0.00108454
0.3626 0.0613553 -0.0220794
0.3637 0.0216955 0.000314192
0.3648 -0.0433132 0.0090859
0.3659 -0.0276266 -0.00436014
0.367 0.0190003 -0.00638149
0.3681 -0.0109844 0.0144086
0.3692 -0.0155034 0.01058
0.3703 0.0416417 -0.00683562
0.3714 0.00102972 0.0140171
0.3725 0.00434764 -0.00172798
0.3736 0.00460437 0.00703056
0.3747 -0.000373755 0.00215439
0.3758 -0.0115353 0.00702148
0.3769 0.0272393 -0.00694481
0.378 0.00469554 -0.00134034
0.3791 -0.0170501 0.00741859
0.3802 -0.018987 -0.00430515
0.3813 0.0519269 -0.0156892
0.3824 0.0365666 -0.0126074
0.3835 -0.00372035 -0.00176206
0.3846 -0.0250682 0.0070764
0.3857 -0.0260688 0.0109552
0.3868 -0.0105031 9.25105e-05
0.3879 0.0159007 -0.000734626
0.389 0.0194232 0.0431402
0.3901 0.0601215 -0.0108214
0.3912 0.0144073 0.0105736
0.3923 0.0147389 0.0213452
0.3934 0.0117888 0.0384552
0.39445 -0.00927734 0.00325928
0.3955 -0.0543193 0.0257957
0.3966 -0.0296726 0.0102491
0.3977 -0.0352003 0.00705957
0.3988 0.010081 -0.0100026
0.3999 0.0356793 -0.0153969
0.401 0.00478241 0.00309473
0.4021 -0.0227713 0.0018302
0.4032 -0.0270468 0.0038095
0.4043 -0.0329548 0.0126774
0.4054 -0.0331176 0.0299739
0.4065 -0.027934 0.0186157
0.4076 -0.0354969 0.0106598
0.4087 -0.0296538 0.00640458
0.4098 0.00148363 -0.00442147
0.4109 0.0173657 0.00395304
0.412 0.0284279 -0.00927216
0.4131 0.0424141 -0.0104288
0.4142 0.0215201 0.000121119
0.4153 0.00100709 -0.0017472
0.4164 0.00477777 -0.000177667
0.4175 -0.012182 0.00872472
0.4186 -0.00583571 0.00472972
0.4197 0.015383 -0.00164109
0.4208 0.0188756 -0.00117242
0.4219 0.0235507 -0.00381009
0.423 0.0359748 0.00153536
0.4241 0.0408788 0.00343916
0.4252 0.0402709 0.00301753
0.4263 0.0177263 0.0111333
0.4274 0.00473315 0.00930091
0.4285 -0.00745912 0.025051
0.4296 -0.0130018 -0.0114887
0.4307 -0.0398375 0.0447001
0.4318 -0.00820373 -0.00262766
0.4329 -0.00282708 -0.00392174
0.434 0.00985217 -0.00288548
0.4351 0.0215503 -0.0023831
0.4362 9.62788e-06 0.000740575
0.4373 -0.0250212 0.00706573
0.4384 0.00351925 -0.000988647
0.4395 -0.0271246 0.00775119
0.4406 -0.0304279 0.00859658
0.4417 -0.0209687 0.0103019
0.4428 -0.024924 0.00817453
0.4439 -0.0199536 0.000537457
0.445 0.00504808 -0.00688063
0.4461 0.0113297 -0.00460104
0.4472 0.0267645 -0.00732973
0.4483 0.0282731 -0.00870471
0.4494 0.0265374 -0.0104854
0.4505 -0.00532034 0.00240143
0.4516 0.00897474 0.00648149
0.4527 0.0124161 0.00469352
0.4538 0.00533217 0.00634668
0.4549 9.75954e-05 0.00481958
0.456 0.00475361 0.00203608
0.4571 0.0184681 -0.00376974
0.4582 0.0369305 -0.00736284
0.4593 0.0227547 0.00206918
0.4604 0.0275078 -0.00634194
0.4615 0.0256587 -0.00647305
0.4626 0.0257711 -0.00612916
0.4637 -0.000760279 0.00581898
0.4648 -0.0144478 0.00746512
0.4659 -0.0397853 0.0101093
0.467 -0.000973901 0.00317129
0.4681 0.0191929 -0.000472517
0.4692 0.00281828 0.00406786
0.4703 -0.00612078 0.00335715
0.4714 0.00213344 0.00188403
0.4725 -0.00150222 0.00272405
0.4736 0.00457878 0.000451951
0.4747 0.00333554 0.000375934
0.4758 -0.0385436 0.00978343
0.4769 -0.0421169 0.0046819
0.478 -0.0294131 0.00159027
0.4791 -0.0116503 0.000736834
0.4802 0.00422612 -0.00375456
0.4813 0.0115123 -0.00168704
0.4824 0.00296133 -0.000527014
0.4835 -0.000267903 -0.00383276
0.4846 0.00963553 -0.00441387
0.4857 0.0144277 -0.00253958
0.4868 0.0166177 -0.000265965
0.4879 0.0108424 0.00352319
0.489 -0.0157826 0.00450743
0.4901 0.0160268 -0.00437194
0.4912 0.03807 -0.00123605
0.4923 0.0195938 0.00960519
0.4934 0.0231649 -0.00171498
0.4945 0.0355428 -0.00716297
0.4956 0.0294744 -0.0102869
0.4967 0.0471445 -0.0197363
0.4978 0.0057115 0.0262989
0.4989 0.010207 0.0321613
0.5 -0.0118508 0.0163832
0.5011 0.00423023 0.00624425
0.5022 0.015874 0.0337911
0.5033 0.00732524 0.0162552
0.5044 0.000840846 0.0111536
0.5055 -0.0043443 0.00599667
0.5066 0.0221248 -0.000355801
0.5077 -0.00205698 -0.00365945
0.5088 -0.0133725 -0.00252392
0.5099 0.00289428 -0.00193061
0.511 -0.0173263 0.000712119
0.5121 -0.0314144 -0.00148609
0.5132 -0.0191141 -0.00378274
0.5143 -0.00760825 -0.00143581
0.5154 -0.00906082 -0.00237116
0.5165 -0.0150905 -0.00135902
0.5176 0.0130559 -0.00898282
0.5187 0.0149762 -0.0201036
0.5198 0.0102257 -0.00104797
0.5209 0.0148109 0.00141062
0.522 0.0136159 0.000655744
0.5231 0.00327006 0.00656038
0.5242 -3.73836e-05 0.00676511
0.5253 0.018649 -0.00157258
0.5264 0.0154898 -0.00274571
0.5275 0.0267662 -0.0101373
0.5286 0.0251753 -0.00689588
0.5297 0.0151059 -0.0146817
0.5308 0.0219393 -0.0143853
0.5319 0.0235114 0.00558437
0.533 0.024714 -0.00123742
0.5341 -0.00525186 0.011056
0.5352 0.0159296 -0.0103741
0.5363 0.0165996 -0.00109584
0.5374 0.0124701 0.00469723
0.5385 0.00969918 0.0129073
0.5396 0.00103992 0.0132396
0.5407 0.0179505 -0.00894217
0.5418 0.0124841 -0.00424571
0.5429 0.0262698 -0.00975646
0.544 0.0109808 0.0054451
0.5451 -0.0181737 0.00441815
0.5462 -0.00533398 -0.00593286
0.5473 0.0243192 -0.0092211
0.5484 0.0152506 -0.0128753
0.5495 -0.0106151 0.00611713
0.5506 0.00436384 0.0129872
0.5517 -0.0151801 0.012782
0.5528 0.00798122 0.00387819
0.5539 0.000186238 0.00184178
0.555 0.0185205 0.00347433
0.5561 0.00975452 0.00622672
0.5572 -0.005361 -0.00877744
0.5583 0.00403587 0.0135989
0.5594 0.0149297 -0.00249336
0.560425 0.0218617 -0.00543451
0.5615 0.00736181 -0.00156176
0.562502 -0.000535284 -0.0140492
0.5636 0.00332069 -0.00623848
0.5647 -0.00972682 -0.00159512
0.5658 0.0161263 -0.0107572
0.5669 0.040199 -0.0106437
0.568 0.0366686 -0.0140042
0.5691 0.0158498 -0.00213594
0.5702 0.0132416 0.00737409
0.5713 0.0190864 0.00677057
0.5724 0.0224013 0.0190104
0.5735 0.00903374 0.00808371
0.5746 0.0413055 -0.00109387
0.5757 0.0149058 0.00226309
0.5768 0.00594407 -1.08842e-05
0.5779 0.00826586 0.00120968
0.579 0.0111668 0.00118495
0.5801 -0.000199256 0.00503169
0.5812 -0.00247496 -0.000669457
0.5823 0.0206358 -0.00834151
0.5834 -0.00895135 0.00259029
0.5845 0.00822792 -0.00277401
0.5856 0.00665768 -0.000778914
0.5867 -0.000286706 0.00793222
0.5878 -0.0119979 0.0123379
0.5889 0.00511634 0.00442362
0.59 0.0127604 0.00570158
0.5911 0.00682039 0.00542122
0.5922 0.0022069 0.005536
0.5933 0.00183204 0.0144793
0.5944 0.0153823 -0.00158721
0.5955 0.0111545 0.00523395
0.5966 0.021286 -0.0135041
0.5977 0.0313626 -0.0157544
0.5988 0.0156218 -0.00627461
0.5999 -8.87868e-05 -0.00313937
0.601 0.0156118 -0.00698426
0.6021 0.0410579 -0.0081159
0.6032 0.0223476 -0.0033147
0.6043 0.00744312 0.000640442
0.6054 0.0211083 -0.000910886
0.6065 0.0240717 -0.000481637
0.6076 0.0241624 0.000438151
0.6087 0.0182257 0.005088
0.6098 0.002225 0.00700087
0.6109 -0.00360682 0.00530551
0.612 0.0106555 0.000922392
0.6131 0.0200707 0.00140927
0.6142 0.0107525 0.00475214
0.6153 0.00142703 0.00460364
0.6164 -0.0120272 0.00372439
0.6175 -0.000238224 -0.000604237
0.6186 0.0210313 0.00529287
0.6197 0.0136696 0.0043378
0.6208 -0.00159729 0.00944003
0.6219 -0.00822876 0.00724612
0.623 -0.00501427 0.00327452
0.6241 0.00197086 -0.00526303
0.6252 0.0326508 0.00582711
0.6263 -0.0126763 0.0267304
0.6274 -0.0480827 0.000384309
0.6285 0.0187099 -0.00514335
0.6296 0.0251197 -0.00115556
0.6307 0.0338264 -0.0197726
0.6318 0.0435141 -0.0145974
0.6329 0.0103619 0.041729
0.634 -0.032 -0.00372556
0.6351 -0.00680152 0.0107429
0.6362 -0.0161615 0.0121949
0.6373 -0.028279 0.00697944
0.6384 0.0061996 -0.00768509
0.6395 0.00972213 0.00720939
0.6406 0.012492 -0.00525542
0.6417 0.0307711 -0.0281069
0.6428 0.047256 -0.023516
0.6439 0.0375759 0.0179566
0.645 0.0182734 -0.00297496
0.6461 0.00697066 -0.00517254
0.6472 0.0506699 -0.0480819
0.6483 -0.00457732 -0.00113794
0.6494 -0.00280157 0.0193872
0.6505 -0.0337939 0.0318113
0.6516 0.0148047 0.0244463
0.6527 0.0354578 0.00119383
0.6538 0.0434384 0.00705957
0.6549 0.0118646 0.001018
0.656 -0.00217015 0.00538088
0.6571 0.000366414 0.0113087
0.6582 -0.0111487 0.00161054
0.6593 -0.00444445 0.000399242
0.6604 -0.0102015 0.0505987
0.6615 -0.0244326 0.00103616
0.6626 -0.0258629 0.00160587
0.6637 -0.0120897 -0.00916368
0.66475 -0.00891339 -0.0111207
0.6658 -0.012549 -0.0239649
0.6669 9.26842e-05 -0.0125993
0.668 -0.00699958 -0.0106632
0.6691 -0.0171878 -0.00322048
0.6702 -0.0326773 0.000806591
0.6713 -0.0163588 -0.00931201
0.6724 -0.0233848 0.000615209
0.6735 -0.00132049 -0.0115345
0.6746 0.00651256 0.00229991
0.6757 0.00950281 0.00161618
0.6768 0.0114031 -0.0074721
0.6779 0.0144833 -0.00181113
0.679 0.00248366 0.000542597
0.6801 0.00308695 0.00272215
0.6812 -0.000854211 0.00446362
0.6823 -0.00878279 -0.00328542
0.6834 -0.00661103 -0.0029988
0.6845 0.00210528 -0.0027213
0.6856 0.00194134 0.00212463
0.6867 0.016005 0.00306828
0.6878 0.0111849 0.000305816
0.6889 0.00123403 -0.00555387
0.69 0.00036176 -0.000528642
0.6911 -0.00559792 -0.000134319
0.6922 -0.0147067 0.000605147
0.6933 -0.0150939 -0.00190489
0.6944 -0.0106667 -0.00331104
0.6955 -0.0183648 -0.0049195
0.6966 -0.00564648 -0.00194177
0.6977 -0.00924118 0.0023713
0.6988 -0.0130198 -0.00151466
0.6999 -0.00565859 0.00231681
0.701 -0.00763093 -0.00858029
0.7021 -0.017728 -0.00155795
0.7032 -0.0176543 -0.00237562
0.7043 -0.0132164 0.00112261
0.7054 -0.016254 -0.00349274
0.7065 -0.00538213 -0.00426096
0.7076 -0.0148441 0.0017116
0.7087 -0.00499737 -0.00041754
0.7098 0.00433706 0.00167063
0.7109 0.00264522 0.000405035
0.712 -0.0072628 0.00266552
0.7131 0.00151654 -0.00169461
0.7142 -0.00720112 0.0011728
0.7153 0.00457236 0.00132461
0.7164 0.0011766 -0.00498866
0.7175 -0.00947681 -0.00567751
0.7186 -0.00312305 0.00270983
0.7197 0.00460074 -0.00283424
0.7208 0.00417399 -0.00470409
0.7219 -0.00421258 0.00481708
0.723 -0.0150812 -0.00394071
0.72405 -0.0185253 -0.00457201
0.7251 -0.0024725 0.00268459
0.7262 -0.00974398 -0.00621383
0.7273 -0.0230997 0.0117436
0.7284 -0.012607 0.00196939
0.7295 -0.0280138 -0.00274681
0.7306 -0.00551966 0.00303068
0.7317 4.20296e-05 0.00356094
0.7328 -0.0203291 -0.00541294
0.7339 -0.0224196 0.0143718
0.735 -0.00111824 -0.00527785
0.7361 -0.00422292 -0.00822425
0.7372 -0.0142746 0.0107238
0.7383 -0.0013994 -0.00231958
0.7394 -0.00322214 -0.00411451
0.7405 0.00419851 8.86056e-05
0.7416 -0.00617587 0.000184756
0.7427 -0.0193121 -0.00181021
0.7438 -0.0214336 0.00550195
0.7449 0.014052 0.00608362
0.746 0.0201147 -0.00740977
0.7471 0.0026881 0.00213524
0.7482 -0.00576139 0.00015287
0.7493 -0.00752456 0.00445938
0.7504 -0.00338767 0.000307499
0.7515 0.00434446 -0.00115329
0.7526 -0.00247738 -2.92505e-05
0.7537 3.45249e-05 0.000649437
0.7548 0.00347864 0.00393903
0.7559 0.00662362 -0.00353769
0.757 0.00524695 -0.0127739
0.7581 -0.000269681 -0.00445249
0.759125 -0.0157792 -0.00277528
0.7602 -0.00799539 -0.00486507
0.7613 0.000327267 -0.00355657
0.7624 -0.000755171 -0.0112748
0.7635 0.0290605 0.00456089
0.7646 0.00811803 -0.0107936
0.7657 0.00905424 -0.00897374
0.7668 0.0127472 -0.00403078
0.7679 -0.00317676 -0.00528004
0.769 -0.0180361 -0.0152116
0.7701 -0.017536 -0.0113588
0.7712 -0.011595 -0.0154567
0.7723 -0.0117801 -0.0183389
0.7734 -0.00236432 -0.0174034
0.7745 0.0163803 -0.00899524
0.7756 0.0137506 -0.0088658
0.77665 0.0133484 -0.0131556
0.7777 0.00751969 -0.0393063
0.7788 0.00190158 -0.0131782
0.7799 -0.00232286 0.00170965
0.781 -0.00507668 0.00360495
0.7821 -0.00420781 0.00239468
0.7832 -0.0106698 0.000442226
0.7843 0.0127663 0.000425072
0.7854 0.0189273 -0.00160518
0.7865 0.015763 -0.00283208
0.7876 0.0124582 0.00145215
0.7887 0.0144005 -0.004933
0.7898 0.0133408 -0.00511293
0.7909 0.0126669 -0.00668583
0.792 -0.000700822 -0.000486918
0.7931 -0.00250242 -0.00435757
0.7942 0.00135647 -0.00499238
0.7953 0.0127928 -0.0014119
0.7964 0.0119587 -0.0011697
0.7975 0.0139242 0.000147043
0.7986 0.00376955 0.000731163
0.7997 0.0145172 0.00146109
0.8008 0.00868976 0.00189423
0.8019 0.00366391 0.00724961
0.803 0.000164708 0.00218869
0.8041 -0.0012246 0.00155196
0.8052 0.00232953 -0.000560515
0.8063 0.00365848 -0.000713303
0.8074 0.00867814 -0.00111919
0.8085 0.00640172 -0.00186217
0.8096 0.00881071 -0.00127779
0.8107 0.00850886 -0.00248143
0.8118 0.00571203 -0.000926892
0.8129 0.00806553 0.000146945
0.814 0.00890428 -0.000880125
0.8151 0.00609321 0.000150549
0.8162 0.0054764 0.000610947
0.8173 0.00602956 0.00012901
0.8184 0.00546148 -0.000925623
0.8195 0.0120282 -0.0017568
0.8206 0.016293 0.000738278
0.8217 0.0101376 0.000537314
0.8228 0.00543708 -0.000813827
0.8239 0.00142665 -0.00270641
0.825 0.00166336 0.00015619
0.8261 0.00278434 -0.000593878
0.8272 0.0055763 0.000811693
0.8283 0.00237628 0.000556214
0.8294 -0.00305418 0.000476335
0.8305 0.00134761 0.000434548
0.8316 0.00853643 -0.000814439
0.8327 0.0128049 -0.000440947
0.8338 0.00839171 9.58928e-05
0.8349 0.00142957 0.00231454
0.836 -0.00125267 0.000903178
0.8371 0.000655375 0.000110734
0.8382 0.00573333 0.00109558
0.8393 0.00464379 -0.000906764
0.8404 0.0054768 0.00147856
0.8415 0.00323487 0.00264616
0.8426 0.00271645 0.00184698
0.8437 0.00119482 -0.00181009
0.8448 -0.00219536 0.000163402
0.8459 -0.00853043 0.00256877
0.847 -0.00434093 0.00126504
0.8481 0.000660061 -8.74657e-06
0.8492 -0.00186922 0.000435136
0.8503 0.000315993 -0.000360422
0.8514 0.00105618 0.00408097
0.8525 -0.00571263 0.000779884
0.8536 -0.00722605 -8.93833e-05
0.8547 -0.00748612 0.000172229
0.8558 -0.0130139 0.00108053
0.8569 -0.010802 0.000874841
0.858 -0.00619856 -0.000161602
0.8591 -0.00261935 -0.00132458
0.8602 -0.00461944 0.000290989
0.8613 -0.000619001 -0.000472737
0.8624 -0.00265257 0.000402761
0.8635 -0.00538782 0.000984872
0.8646 -0.00419417 -0.00117273
0.8657 -0.00647237 -0.000445711
0.8668 -0.011238 0.000351204
0.8679 -0.00756494 0.00077167
0.869 -0.00389634 -0.000835419
0.8701 0.00392388 9.5259e-05
0.8712 -0.00167251 0.00167845
0.8723 -0.00316806 0.00132442
0.8734 -0.00314108 0.00123718
0.8745 -0.00830834 -0.000584942
0.8756 -0.00991638 -0.00272432
0.8767 -0.0063505 -0.000164191
0.8778 -0.0111113 0.00134087
0.8789 -0.00831901 -0.000834761
0.88 -0.00901853 -0.00140818
0.8811 -0.0127419 -0.00236262
0.8822 -0.0112898 -0.00209922
0.8833 -0.00747687 -0.000306445
0.8844 -0.00617253 -0.000289415
0.8855 -0.0110419 -0.00034503
0.8866 -0.0150842 -0.00271701
0.8877 -0.00884718 0.000416161
0.8888 -0.00675245 0.000390075
0.8899 -0.00993247 0.00027848
0.891 -0.00657792 -0.00024878
0.8921 -0.00547376 -0.000412785
0.8932 -0.00936483 -0.00151068
0.8943 -0.00626122 -5.18091e-05
0.8954 -0.00480662 -0.000445744
0.8965 -0.00729383 -0.000301923
0.8976 -0.00800144 -0.00141202
0.8987 -0.00597339 -0.0014939
0.8998 -0.00437667 0.000609853
0.9009 -0.00282495 0.000318881
0.902 -0.00442915 0.00107655
0.9031 -0.00715279 -0.000632416
0.9042 -0.00698774 0.000175383
0.9053 -0.00500671 0.00047725
0.9064 -0.00182582 0.000825786
0.9075 -0.00691971 0.000436026
0.9086 -0.0116966 -0.000728887
0.9097 -0.0104429 -0.00177439
0.9108 -0.00835033 -0.000882566
0.9119 -0.00645039 -0.000865859
0.913 -0.00905808 0.000345491
0.9141 -0.00911853 -0.000671599
0.9152 -0.00593702 -0.000517268
0.9163 -0.00118858 0.000923141
0.9174 -0.000206223 0.00167566
0.9185 -0.0029305 0.00189705
0.9196 -0.0058663 0.00120277
0.9207 -0.0034195 0.00053514
0.9218 7.96226e-05 0.00159584
0.9229 -0.000627341 0.00137931
0.924 -0.000605985 0.000474492
0.9251 0.00397182 -0.00017352
0.9262 0.00410841 0.000595132
0.9273 0.00273161 -0.00100727
0.9284 0.00133278 0.000513883
0.92945 -0.000653942 0.000231367
0.9305 -0.000221946 -2.43209e-05
0.9316 0.00282726 -2.84906e-05
0.9327 0.00260496 0.00151819
0.9338 -0.000420905 0.00100303
0.9349 0.00157744 0.00111647
0.936 -0.000455038 0.000192673
0.9371 0.00877499 0.00182293
0.9382 0.00197248 0.00141189
0.9393 -0.00372463 0.000669677
0.9404 -0.00191672 0.000438645
0.9415 -0.00507118 0.00024843
0.9426 -0.000462909 1.7612e-05
0.94365 0.00426252 9.53687e-05
0.9447 0.00566638 0.000484888
0.9458 -0.00261117 -0.000664419
0.9469 0.00937383 -0.000821985
0.948 0.00976978 -6.21739e-06
0.9491 0.0135085 -1.81458e-05
0.9502 0.00786989 0.00180328
0.9513 0.000203252 -0.000176421
0.9524 0.00713486 -0.000151975
0.9535 0.0130439 7.75247e-05
0.9546 0.0105235 0.000456668
0.9557 0.00597949 -0.000450577
0.9568 0.00702216 -0.00127777
0.9579 0.0111993 -0.00208866
0.959 0.0125342 -0.00120255
0.9601 0.00908308 -0.000934584
0.9612 0.00347366 -0.000957156
0.9623 0.00446691 -0.000708947
0.9634 0.00653387 -0.000815286
0.9645 0.00846882 -0.000626426
0.9656 0.00459249 0.000862929
0.9667 0.00438622 0.00031428
0.9678 0.00630855 -0.000389823
0.9689 0.00881064 2.48538e-05
0.97 0.00769677 -8.94464e-05
0.9711 0.00500557 0.000457935
0.9722 0.00671549 -0.000208605
0.9733 0.0030295 -0.000856383
0.9744 0.00937633 -0.00118738
0.9755 0.00244853 -0.000344913
0.9766 0.00497946 -0.00131285
0.9777 0.0132851 -0.00159465
0.9788 0.0111784 -0.00131425
0.9799 0.00886777 -0.00204614
0.981 0.0140425 -0.000477467
0.9821 0.00581734 -0.000584282
0.9832 0.010469 4.66902e-05
0.9843 0.0109795 0.000337645
0.9854 0.00509071 0.000683372
0.9865 0.00306988 0.000123136
0.9876 0.00722159 -0.000276506
0.9887 0.0076407 -0.000514996
0.9898 0.0105067 -0.000410883
0.9909 0.00776121 -0.000900264
0.992 0.00384704 -0.00023435
0.9931 0.00223964 -0.000327734
0.9942 0.00228493 0.00034638
0.9953 0.00126184 0.000375269
0.9964 -0.000892264 0.000703384
0.9975 0.00163518 0.000445759
0.9986 0.00353708 0.000584762
0.99965 0.00500272 0.000455654
